-2.264757e+01 -4.544858e+00 -4.297805e+00 -1.341186e+00 -2.612287e+00 -7.516676e-01 2.235964e-01 -2.695202e+00 -7.007780e-01 3.133912e+00 3.451854e+00 7.182238e-01 7.147976e-01 -2.463554e+00 -4.055851e+00 -2.861146e-01 1.731682e+00 -2.415783e-02 -6.850501e-01 
-2.330022e+01 -3.895537e+00 -4.837803e+00 -2.242639e-01 -4.245445e+00 -3.589046e+00 -2.800993e+00 1.101808e+00 1.966739e+00 2.647614e+00 4.232943e+00 3.697393e+00 5.785391e+00 1.958396e+00 -4.767337e+00 -3.492247e+00 -2.690342e+00 -7.160207e-01 1.332876e+00 
-2.314703e+01 -4.646143e+00 -4.955840e+00 -1.164381e-01 -6.181156e-01 -2.938030e+00 -3.130918e+00 -4.630331e-01 5.364992e+00 9.907770e-01 -1.384534e+00 1.729171e+00 2.717349e+00 1.805927e+00 1.336397e+00 8.145358e-01 -1.517192e+00 -4.823170e-01 -7.704791e-01 
-2.224373e+01 -3.761338e+00 -4.988766e+00 -1.077626e-01 -2.648719e+00 -1.307007e+00 -8.249299e-01 1.752413e+00 4.231894e+00 2.469749e+00 -4.523554e+00 -6.055802e+00 -1.702425e+00 -2.245890e+00 -1.237045e+00 -5.181679e-01 -2.670662e-01 1.129213e+00 9.042560e-01 
-2.127374e+01 -3.521887e+00 -5.296071e+00 -2.026839e+00 -5.499407e+00 -2.298032e+00 1.839406e+00 6.268459e+00 3.865217e+00 -2.376755e+00 -1.102878e+00 -3.860451e+00 -3.130788e+00 -2.585002e-01 -1.553095e+00 -3.774463e+00 -1.304413e+00 4.443837e-01 -3.523692e-02 
-2.060071e+01 -4.702860e+00 -5.089242e+00 -2.639507e+00 -1.482176e+00 3.933060e+00 -3.632122e-02 -1.035532e-01 -3.584157e+00 2.676784e-01 3.657301e+00 5.094285e+00 1.841882e+00 -1.754045e+00 5.624741e+00 1.409153e+00 -7.583838e-01 6.365328e-01 1.419613e-01 
-1.613298e+01 -2.171015e+00 -6.745616e+00 -3.047984e+00 4.379815e+00 3.191567e+00 2.863752e+00 6.341144e-01 -4.579148e+00 4.256690e-02 -3.749289e+00 -3.223150e-01 -6.807891e-01 -4.044679e+00 -1.791596e+00 1.746986e+00 2.341949e+00 2.687941e+00 8.910695e-01 
-1.517768e+01 -3.494479e+00 -6.737907e+00 7.566665e-01 6.575541e+00 3.305769e+00 2.240144e+00 -3.008363e+00 -2.581457e+00 -5.817101e+00 -9.386669e+00 4.247805e-01 -1.380142e+00 -4.787076e+00 -1.505214e+00 -4.630725e-01 2.366537e+00 1.763368e+00 -2.717578e-01 
-1.583255e+01 -5.013817e+00 -7.664412e+00 4.234232e-01 5.715167e+00 3.851758e+00 3.149992e+00 3.598209e+00 4.024224e+00 -2.105469e+00 -9.101088e+00 -3.124832e+00 -4.405344e+00 -5.417825e+00 -2.059461e+00 4.208809e-01 1.218198e+00 -4.642490e-01 1.291896e+00 
-1.260031e+01 -2.848196e+00 -3.262048e+00 1.524620e+00 6.536267e+00 9.791881e+00 5.090403e+00 5.307145e+00 1.278191e+00 -2.385797e+00 -6.823417e+00 -2.300756e+00 -6.905677e+00 -5.170122e+00 -7.780498e-01 2.536241e+00 2.402522e+00 2.816708e+00 1.932492e+00 
-1.367387e+01 -3.418429e-01 -3.390678e+00 1.462085e+00 9.117810e+00 5.008383e+00 2.717300e+00 1.816318e+00 -2.527756e-02 4.242090e-01 5.016621e+00 4.090147e+00 4.482258e+00 -2.774192e+00 -7.027090e-01 -1.185433e+00 -7.804346e-01 -9.360514e-01 5.141322e-03 
-1.273286e+01 -2.453872e+00 -3.939522e+00 4.881136e-01 8.399655e+00 7.056118e+00 3.566082e+00 5.992997e+00 4.343868e+00 2.437715e+00 2.990971e+00 6.719550e+00 2.626963e+00 -1.303175e+00 5.999727e-01 1.155419e+00 -9.607762e-01 -7.279338e-01 6.407965e-01 
-1.267420e+01 -2.802548e+00 -3.236915e+00 -7.413225e-01 1.718279e+00 7.440863e+00 4.630746e+00 4.031174e+00 3.323608e+00 -1.190173e-01 3.059637e+00 1.971287e+00 -4.749106e-01 -1.044935e+00 1.941861e+00 7.363344e-01 -1.014347e+00 -4.696072e-01 8.344056e-02 
-1.166270e+01 -2.163858e+00 -1.801435e+00 1.458188e+00 3.925143e+00 5.582811e+00 3.318128e+00 8.328917e-01 1.247037e+00 5.554440e+00 8.747377e+00 5.596165e+00 6.350306e+00 1.679414e+00 -1.073709e+00 -1.643667e+00 -1.421496e+00 -4.647383e-01 -6.043437e-01 
-1.282746e+01 -6.109736e+00 -4.819052e+00 1.391274e+00 2.111627e+00 6.395840e+00 1.960969e+00 5.007622e+00 7.618613e+00 4.983292e+00 6.793974e+00 7.882256e+00 3.385111e-02 1.103609e+00 -1.598936e+00 -3.644282e+00 -1.384408e+00 -3.209766e+00 -1.889431e+00 
-1.079939e+01 -2.203137e+00 -4.863472e+00 -2.340871e-02 6.443616e+00 4.698818e+00 -5.679844e+00 -4.218810e-01 -1.920274e+00 3.885582e+00 -1.013334e+00 8.363541e-01 3.179324e+00 -1.829467e+00 4.616231e+00 -2.052082e+00 5.382890e-01 2.851746e-02 -1.926498e+00 
-1.440789e+01 1.535953e+00 -1.943773e+00 -1.826811e+00 6.023469e+00 4.204392e+00 -2.582942e+00 4.553697e+00 7.890029e-01 8.556309e+00 3.953451e+00 2.197129e+00 4.191875e+00 8.001140e-01 2.179200e+00 3.938684e+00 5.812378e-01 3.111272e+00 -1.258114e+00 
-9.783311e+00 -2.745312e+00 -2.289803e+00 3.679046e+00 7.948965e+00 9.153494e+00 7.974716e+00 4.800824e-01 1.877709e+00 6.116395e+00 -3.601516e+00 2.784228e+00 5.279707e-01 -3.846842e+00 3.868834e+00 5.224588e+00 -6.407012e-01 1.377182e+00 -2.575253e+00 
-1.146253e+01 -4.220378e+00 -7.572881e+00 3.248690e-01 8.545527e+00 6.910627e+00 2.815770e+00 -9.259197e-01 -2.311580e+00 -3.998238e+00 -2.330792e+00 2.536898e+00 5.134196e+00 -1.378242e+00 2.166380e+00 3.064300e+00 3.355170e+00 -1.234239e+00 -1.217611e+00 
-9.263547e+00 -2.107954e+00 -5.568529e+00 -3.320634e+00 3.343155e+00 7.899140e+00 7.081631e-01 1.024946e+01 3.581354e-01 3.090227e+00 1.143468e+00 -2.824260e+00 6.021795e-01 3.843177e+00 3.397886e+00 -2.652050e+00 -3.553504e-01 -1.166406e+00 -6.966431e-01 
-1.063238e+01 -3.062301e+00 -4.012085e+00 -2.452689e+00 7.341496e+00 4.530469e+00 5.650511e-01 8.628418e+00 2.251597e+00 -1.708541e+00 1.597266e+00 1.851581e+00 -8.177892e-01 -5.485590e+00 3.500484e+00 -3.987218e-01 -1.785614e+00 2.081264e+00 5.738498e-01 
-9.823442e+00 -2.851922e+00 -9.300790e+00 -1.477265e+00 1.081342e+01 7.005404e-01 -1.750441e+00 1.825753e+00 2.278660e-01 -1.987588e+00 -6.788383e-01 1.126008e+00 -3.018344e+00 -1.081406e+01 2.033835e+00 5.789746e+00 -1.404708e+00 -2.094810e-01 7.502697e-01 
-1.627336e+00 -1.247489e+01 -1.089588e+01 -4.115088e+00 -9.355965e-01 -3.001778e-01 9.908424e+00 -3.832126e+00 1.840832e+00 -1.704475e-01 1.770724e+00 -1.440148e+00 3.355779e+00 -1.003653e+01 8.191448e+00 3.865988e+00 -3.226229e+00 3.691400e+00 3.959888e-01 
3.844268e+00 -1.868409e+01 -1.244287e+01 -2.921304e+00 -5.540036e+00 5.907376e-01 1.544073e+01 -1.054087e+01 6.843741e+00 -5.594852e+00 5.664570e+00 -1.158138e+01 9.490419e+00 -2.226631e+01 1.566389e+01 7.377219e+00 -7.359679e+00 8.793307e+00 -9.250878e-01 
-2.218039e-01 -1.104492e+01 -8.201084e+00 5.973067e-01 1.786490e+00 1.767773e+00 5.983233e+00 -2.030420e+00 -2.741930e+00 -1.171987e+00 3.040919e+00 -1.816906e+00 -3.867184e+00 -1.016895e+01 5.147270e+00 1.746815e+00 -4.330666e+00 6.473764e-01 -6.043470e-01 
1.112474e+01 -1.840548e+01 -1.028510e+01 -2.724040e+00 4.409719e-01 -8.884295e+00 1.425876e+01 -8.249493e+00 3.701873e+00 -1.976836e+00 -2.660941e+00 -5.531623e+00 5.745560e+00 -2.065601e+01 6.813085e+00 8.915596e+00 -8.134805e+00 5.872700e+00 -2.655214e+00 
1.113933e+01 -1.553052e+01 -1.269427e+01 -3.048673e+00 -4.518561e+00 -6.539191e+00 1.329360e+01 -8.875567e+00 1.054734e+01 -1.232248e+01 5.826852e+00 -1.320367e+01 5.201578e+00 -2.070284e+01 7.326971e+00 9.258071e+00 -7.648179e+00 5.309946e+00 -3.379423e+00 
7.801378e+00 -1.407111e+01 -1.403382e+01 -1.992826e+00 -5.180480e+00 -9.171676e-01 6.232287e+00 -8.675549e+00 1.280513e+01 -1.057036e+01 7.337004e+00 -1.192992e+01 2.368819e+00 -1.203910e+01 3.692994e+00 8.401094e+00 -6.128710e+00 3.422250e+00 -2.270023e+00 
8.488173e+00 -1.988483e+01 -1.112061e+01 2.226094e-01 -5.348179e+00 -3.039730e+00 1.982524e+00 -9.181067e+00 1.728837e+01 -1.489532e+01 1.049314e+01 -1.577645e+01 7.746312e+00 -1.785679e+01 6.029692e+00 9.870307e+00 -9.621472e+00 4.371785e+00 -9.254016e-01 
7.639778e+00 -1.751614e+01 -1.125467e+01 -1.526337e+00 -4.697182e+00 -3.641337e+00 3.594305e+00 -1.136588e+01 2.235665e+01 -1.333284e+01 7.610489e+00 -1.140842e+01 3.758993e+00 -1.319999e+01 3.684819e+00 8.122045e+00 -7.972595e+00 2.036956e+00 1.914318e-01 
9.431222e+00 -2.162685e+01 -9.549848e+00 -2.650265e+00 -1.439296e-01 -1.223252e+01 3.952951e+00 -1.062339e+01 2.659580e+01 -1.184272e+01 1.052447e+01 -1.360190e+01 3.436338e+00 -7.523005e+00 1.558994e+00 4.715287e+00 -5.243132e+00 -6.945610e-01 2.151427e+00 
8.669394e+00 -1.860373e+01 -1.040741e+01 3.033150e+00 -4.264797e+00 -1.418285e+01 1.051623e+00 -8.405914e+00 2.619532e+01 -1.367825e+01 5.090339e+00 -9.742324e+00 4.185869e+00 -8.495480e+00 3.123580e+00 2.732588e+00 -5.068976e+00 -1.665364e+00 3.098264e+00 
5.794036e+00 -1.544835e+01 -1.058338e+01 1.019608e+01 -7.045749e+00 -1.888795e+01 -4.286069e+00 -5.796358e+00 2.660180e+01 -1.614879e+01 1.056321e+01 -9.729338e+00 5.852447e+00 -9.536979e+00 4.317404e+00 7.454364e-01 -5.472630e+00 -7.108101e-01 3.070204e+00 
4.735468e+00 -1.555282e+01 -1.010076e+01 1.480108e+01 -1.021712e+01 -1.225833e+01 -7.748734e+00 -8.616856e+00 2.319402e+01 -1.399998e+01 1.206811e+01 -1.328302e+01 5.338996e+00 -9.540655e+00 4.892438e+00 4.008074e-01 -4.161161e+00 -9.883506e-01 2.887273e+00 
3.934718e+00 -1.497433e+01 -6.656098e+00 1.742002e+01 -1.459047e+01 -1.328197e+01 -1.014672e+01 -7.993754e+00 2.221596e+01 -1.796103e+01 1.051526e+01 -4.829980e+00 1.413280e+00 -7.676807e+00 5.733622e+00 -1.980602e+00 -1.191423e+00 -8.061360e-01 9.116016e-02 
3.480487e+00 -1.589219e+01 -1.573852e+00 1.682736e+01 -1.744704e+01 -1.348234e+01 -9.930893e+00 -8.470080e+00 1.647471e+01 -1.644806e+01 6.856311e+00 -1.064824e+00 -2.432139e+00 -4.203331e+00 4.907273e-01 -8.611932e-01 -2.445112e-02 -1.383812e+00 8.997773e-01 
1.178324e+00 -1.454582e+01 6.191886e+00 1.590527e+01 -2.070934e+01 -1.080239e+01 -5.322617e+00 -1.644627e+01 1.875439e+01 -1.952453e+01 -3.362690e+00 6.957695e+00 -6.654438e+00 9.269443e+00 -3.979784e+00 -3.792397e+00 2.593796e+00 -2.783123e+00 -3.242849e-01 
-2.048558e+00 -1.205607e+01 1.236356e+01 1.249221e+01 -1.826987e+01 -1.474494e+01 1.001352e+00 -1.562336e+01 1.198097e+01 -1.507147e+01 -1.347838e+01 1.224935e+01 -1.568734e+01 1.414066e+01 -5.997870e+00 -8.968106e-01 1.032293e+00 -2.579475e+00 -1.282415e+00 
-4.505697e+00 -8.099052e+00 1.568619e+01 1.187869e+01 -1.652164e+01 -1.015581e+01 -3.127511e+00 -1.775432e+01 1.472697e+01 -1.114042e+01 -2.037608e+01 1.296157e+01 -2.049087e+01 1.322249e+01 -4.725534e+00 3.960110e-02 2.911733e+00 -4.571928e+00 -7.764920e-01 
-6.738878e+00 -3.331010e+00 1.884563e+01 7.375879e+00 -1.554256e+01 -7.038671e+00 -1.777727e+00 -1.939268e+01 6.092450e+00 -1.178211e+01 -1.502168e+01 2.012300e+01 -2.347212e+01 7.642408e+00 -6.713434e+00 2.966444e+00 3.862057e+00 -3.626995e+00 -1.823394e+00 
-9.043033e+00 -1.996340e+00 2.033243e+01 6.899265e+00 -1.217833e+01 -4.897934e+00 -2.355902e+00 -1.425817e+01 7.075692e-01 -1.189526e+01 -1.149395e+01 1.874992e+01 -1.919657e+01 3.331118e+00 -7.449230e+00 2.698317e+00 1.570567e+00 -1.952168e+00 -6.868194e-01 
-1.035621e+01 -2.342248e+00 2.187018e+01 1.164861e+01 -1.017930e+01 -5.560360e+00 -5.403637e+00 -1.032016e+01 -1.958843e+00 -1.105489e+01 -1.091807e+01 1.222179e+01 -1.355440e+01 1.466927e+00 -4.363943e+00 1.189329e+00 -1.714114e+00 -9.449139e-01 -4.267163e-01 
-9.658858e+00 -1.862337e+00 2.080475e+01 7.055355e+00 -1.253610e+01 -9.474050e+00 -2.835042e+00 -1.056633e+01 -2.891787e+00 -8.538700e+00 -7.624894e+00 6.754002e+00 -1.107731e+01 1.976125e+00 -4.136417e+00 1.158719e+00 -2.509131e+00 8.932828e-01 -2.041647e+00 
-9.251317e+00 -2.681413e+00 1.766228e+01 9.909966e+00 -1.513738e+01 -9.996082e+00 -2.261601e+00 -4.799209e+00 -6.992083e+00 -1.329308e+01 -5.342097e+00 4.637338e+00 -9.801368e+00 3.330098e+00 -2.458012e+00 1.288435e+00 -2.686424e+00 1.438116e+00 -2.584041e+00 
-7.893079e+00 -2.445864e+00 1.695847e+01 9.687016e+00 -1.367928e+01 -1.364456e+01 -1.606538e+00 -8.720980e-01 -9.933100e+00 -1.674761e+01 4.494017e-01 3.207475e+00 -1.368558e+01 7.096653e+00 -3.745490e+00 -2.717431e-01 -1.641003e+00 2.437802e+00 -2.374637e+00 
-7.255348e+00 1.082597e+00 1.366208e+01 1.183822e+01 -6.955303e+00 -1.755992e+01 -6.100117e+00 6.655037e+00 -1.254651e+01 -2.044601e+01 6.003077e+00 5.119205e+00 -1.885057e+01 1.174967e+01 -4.018911e+00 -1.602554e+00 -1.910446e+00 4.039737e+00 -3.733731e+00 
-5.008594e+00 -3.011761e-01 9.268609e+00 1.453268e+01 -4.419942e+00 -1.216162e+01 -7.828684e+00 -1.419471e+00 -1.037838e+01 -1.658510e+01 4.192551e+00 2.678740e+00 -1.418243e+01 1.183752e+01 -5.205309e+00 -2.276102e+00 -4.281239e+00 5.577495e+00 -1.488148e+00 
-4.171704e+00 -1.463547e+00 8.085484e+00 1.507158e+01 -3.384805e+00 -6.640994e+00 -1.036650e+01 -1.096356e+01 -5.075108e+00 -1.276920e+01 -1.956631e-01 2.116637e+00 -1.496385e+01 1.601234e+01 -2.619098e+00 -1.346265e+00 -4.220332e+00 3.763815e+00 -7.864095e-01 
-4.759681e+00 -5.570713e-01 6.718260e+00 1.052646e+01 -2.515749e+00 -8.318834e+00 -8.939670e+00 -1.124418e+01 -3.285667e+00 -7.531217e+00 -2.051831e+00 -1.434551e+00 -2.034703e+01 1.879931e+01 -9.579485e-01 -9.472095e-01 -4.592107e+00 6.046064e+00 -1.327546e+00 
-4.153619e+00 -2.771201e-01 8.676706e+00 8.059363e+00 -5.353175e-01 -1.242186e+01 -8.911120e+00 -6.854159e+00 -8.712873e+00 -7.761666e+00 -3.576416e+00 -2.561731e+00 -1.796074e+01 2.116620e+01 1.140586e+00 -2.940740e+00 -4.007776e+00 6.491765e+00 -1.047774e+00 
-3.290300e+00 9.368597e-01 8.385082e+00 8.296721e+00 -8.386803e-01 -1.397684e+01 -9.198107e+00 -7.502397e+00 -7.185843e+00 -5.831250e+00 -7.073228e+00 -2.640105e+00 -1.233862e+01 1.910102e+01 -1.004035e+00 -2.458113e+00 -5.392871e+00 4.655157e+00 -4.594621e-01 
-4.158805e+00 5.933558e-01 9.730596e+00 1.188871e+01 -1.956829e+00 -1.388049e+01 -6.007575e+00 -7.689845e+00 -6.119396e+00 -6.931544e+00 -9.660852e+00 -1.308988e+00 -1.330969e+01 1.633789e+01 9.178873e-01 -7.303227e-01 -6.758131e+00 4.277465e+00 6.728163e-01 
-3.295217e+00 1.850718e+00 7.472215e+00 1.345368e+01 -3.049528e+00 -1.270576e+01 -2.962646e+00 -1.196350e+01 -8.645428e-01 -8.391851e+00 -8.501097e+00 1.027209e+00 -1.901663e+01 1.627068e+01 8.831394e-01 -1.457824e+00 -5.889534e+00 4.368578e+00 1.832113e+00 
-2.951376e+00 -1.274682e-01 8.161993e+00 1.347942e+01 7.941023e-01 -1.184412e+01 -9.913080e+00 -7.163657e+00 -2.209038e+00 -6.364440e+00 -3.837315e+00 -2.118720e+00 -8.680727e+00 1.006023e+01 1.018260e+00 -1.984491e+00 -1.828541e+00 2.846082e+00 1.148004e+00 
-4.989285e+00 -1.182600e+00 6.434849e+00 1.582937e+01 6.252964e+00 -1.047007e+01 -1.448593e+01 -1.615455e+00 6.602780e+00 -4.655735e+00 -5.494873e+00 -3.495856e+00 1.915871e+00 1.803494e+00 -1.671892e+00 -1.387682e+00 7.933294e-01 1.140531e+00 -7.171233e-02 
-9.198469e+00 -5.632809e+00 9.321353e+00 1.529465e+01 9.671565e+00 -9.073598e+00 -1.192911e+01 -4.993493e-02 4.410080e+00 -5.558722e+00 -2.864237e+00 -3.310923e+00 3.105604e+00 -6.759307e-01 -3.835546e+00 -2.332224e+00 1.943199e+00 5.244036e-01 -7.536574e-02 
-1.591620e+01 -9.921082e+00 9.300422e+00 1.037571e+01 3.250012e+00 -1.140860e+01 -1.215521e+01 1.671071e+00 1.129397e+01 -1.836275e+00 1.006539e+00 -2.954329e+00 4.170976e-01 -2.053838e+00 -2.578151e+00 -5.686666e-01 2.097641e-01 8.026878e-01 -1.230118e+00 
-2.104789e+01 -1.277655e+01 6.208674e+00 7.262256e+00 2.887350e+00 -1.501705e+01 -9.668686e+00 -7.557232e-01 1.169669e+01 4.472437e-01 -3.070187e+00 -1.414600e+00 1.485835e+00 -2.126969e+00 -6.347210e+00 1.819475e-01 1.650707e+00 9.180216e-01 7.482709e-01 
-2.521978e+01 -1.456800e+01 8.018821e+00 6.463366e+00 -1.590624e+00 -8.870986e+00 6.727516e+00 -3.302797e+00 4.440084e+00 6.158394e-01 3.537323e+00 -6.089873e-01 -2.589669e+00 5.221274e+00 2.908978e+00 2.342645e+00 1.174339e+00 -6.362013e-02 -1.108855e+00 
-2.742380e+01 -1.562760e+01 1.193129e+01 8.382725e+00 -4.542754e+00 -1.479043e+01 5.791009e+00 5.629260e-02 1.736370e+00 -2.661364e+00 1.565966e+00 4.314912e+00 3.068498e+00 5.643464e+00 3.109660e+00 -1.387752e+00 1.565217e+00 2.937684e+00 -2.781262e+00 
-2.892382e+01 -1.673133e+01 1.132235e+01 6.456639e+00 -5.990594e+00 -1.739762e+01 3.273024e+00 -4.493049e+00 1.653631e+00 2.917744e-01 2.850473e+00 1.713662e+00 -6.572623e-02 6.941755e+00 1.235951e+00 -2.616775e+00 1.331840e+00 3.854146e+00 2.636113e-01 
-3.104960e+01 -1.837180e+01 1.396294e+01 7.734446e+00 -3.976191e+00 -1.579313e+01 9.319697e+00 8.305338e+00 7.832111e+00 3.436971e-01 3.765848e+00 1.294587e+00 -4.717811e+00 4.842192e+00 6.709036e-01 -2.372455e+00 1.113457e+00 1.068451e+00 -2.361608e+00 
-2.778761e+01 -1.397906e+01 1.643550e+01 3.903816e+00 -4.961181e+00 -1.522544e+01 4.666868e+00 -2.998310e+00 1.488952e+00 3.915180e+00 5.804155e+00 3.868066e+00 -6.513999e+00 2.347794e-01 2.866212e+00 -1.393028e+00 4.401656e+00 3.326541e+00 -3.789329e+00 
-2.742675e+01 -1.292101e+01 1.440983e+01 2.081496e+00 -4.994693e+00 -9.972089e+00 9.474007e+00 -1.249815e+00 -3.664340e+00 -6.376999e+00 4.848049e+00 4.375422e+00 -3.398986e+00 -1.434327e+00 -2.152573e+00 1.327950e+00 1.863581e+00 -2.206757e+00 -2.880684e+00 
-2.875617e+01 -1.388984e+01 1.544159e+01 7.813303e-01 -8.732505e+00 -1.763292e+01 3.061899e+00 -9.971401e+00 -4.694376e+00 -3.458524e+00 2.302159e-01 7.843646e+00 -5.580692e-01 1.637596e+00 -3.133219e+00 -4.022416e-01 3.053387e+00 2.280862e-01 -2.700101e+00 
-2.808342e+01 -1.190596e+01 2.059986e+01 6.710076e-01 -1.057309e+01 -1.784994e+01 8.377393e+00 -1.920175e+00 -3.587278e+00 -3.231628e+00 -1.561441e-01 4.586806e+00 -6.077113e-01 4.372707e+00 -1.418378e+00 2.127638e+00 5.120626e+00 2.526023e+00 -1.263521e+00 
-2.775229e+01 -1.146030e+01 1.501881e+01 -7.330537e-02 -5.681883e+00 -1.612016e+01 5.712448e+00 -2.728086e+00 1.372025e+00 -4.750108e+00 -4.586980e+00 5.227206e+00 -3.819785e+00 7.695539e-01 -1.298367e+00 2.324139e+00 6.547852e-01 -1.550736e+00 -6.866141e-01 
-2.673569e+01 -1.138579e+01 1.696466e+01 -8.458980e-01 3.848666e-01 -1.439052e+01 9.526989e+00 -4.182714e+00 -5.743403e-01 -2.600735e+00 -3.305874e+00 7.268997e-01 2.399312e-01 4.059528e+00 -4.631909e+00 -4.019650e-03 -8.344074e-01 -2.718506e+00 -2.957086e+00 
-2.751217e+01 -1.120142e+01 1.834006e+01 -5.970690e-01 -5.559745e-01 -1.067477e+01 8.633196e+00 -3.787610e+00 5.532132e-01 2.046943e+00 -5.106038e+00 -2.054339e+00 -4.442229e+00 5.176517e+00 -8.559287e-01 -1.760561e+00 1.349629e+00 1.851192e+00 -3.441538e+00 
-2.790659e+01 -1.381817e+01 1.207147e+01 -2.933281e+00 -3.276371e+00 -1.968275e+01 4.484537e+00 2.716152e+00 1.356935e+00 4.436657e-01 -1.556334e+00 3.846255e+00 -6.169934e+00 -2.811999e+00 -1.471045e+00 -3.636954e+00 1.021006e+00 1.287474e+00 -3.656019e+00 
-2.610817e+01 -1.515042e+01 1.066376e+01 -1.381720e+00 -7.532574e+00 -1.730788e+01 3.779503e+00 -5.066243e+00 2.651030e+00 8.348721e-02 -3.280774e+00 6.636120e+00 -2.123780e+00 3.861882e+00 2.333488e+00 -3.773985e+00 2.020311e+00 9.861779e-01 -5.138167e+00 
-2.308551e+01 -1.203216e+01 1.107061e+01 -2.813755e-01 -2.006457e+00 -1.721765e+01 3.311061e+00 -8.999829e+00 8.530395e+00 2.086517e+00 -5.171606e+00 2.666277e+00 -3.092268e+00 7.868125e+00 -1.210355e+00 -5.043950e+00 2.535259e+00 -2.901224e-01 -3.649734e+00 
-2.118220e+01 -1.148915e+01 1.143413e+01 1.309587e+00 8.870699e-01 -2.086640e+01 -3.703317e+00 -8.252052e+00 1.147116e+01 5.958195e+00 -8.398409e+00 -3.444394e+00 -3.195231e-01 3.502556e+00 -7.014589e+00 -8.111408e+00 3.235545e+00 2.918549e+00 -2.014086e+00 
-1.957333e+01 -1.478580e+01 1.057479e+01 4.459203e+00 8.108255e+00 -2.011879e+01 -5.358850e+00 -2.845010e+00 1.535471e+01 6.604479e+00 -1.273120e+01 9.309769e-01 -2.510583e+00 6.478676e+00 1.163843e+00 -2.044092e+00 -8.475603e-02 1.089157e+00 -3.539764e+00 
-1.128242e+01 -7.021366e+00 1.103031e+01 2.643610e+00 1.393456e+01 -1.630316e+01 -7.159220e+00 -7.560957e+00 8.711308e+00 6.742005e+00 -1.103212e+01 -1.164762e-01 -3.250194e+00 5.653548e+00 -2.666720e+00 -7.116654e-01 -2.500175e+00 -6.907122e-03 -2.178828e+00 
-3.330008e+00 -4.480677e+00 8.342496e+00 -2.920791e+00 1.053704e+01 -1.399747e+01 -8.199916e+00 -1.147194e+01 -2.159457e-01 4.736776e+00 -6.774867e+00 7.676451e-01 -7.248190e+00 5.543367e+00 9.937624e-01 7.911419e-01 -1.573609e+00 1.529843e-01 1.259106e+00 
2.741767e+00 -3.816939e+00 9.181834e-01 -5.412874e+00 6.772564e+00 -1.622647e+01 -4.966829e+00 -1.284276e+01 -5.062791e+00 2.460984e+00 -1.659003e+00 6.288094e+00 -9.745184e+00 2.263302e-01 4.198472e+00 1.829236e+00 -3.761716e+00 6.590763e-01 -7.565234e-01 
5.413455e+00 -7.964098e+00 1.899412e+00 -9.282909e+00 2.385280e+00 -9.709887e+00 -3.437877e+00 -1.544203e+01 -6.126843e+00 3.319914e+00 -2.306456e+00 1.146937e+01 -1.081155e+01 1.453336e+00 4.133923e+00 7.275244e-01 -2.625482e+00 -4.700547e-01 3.970997e-01 
7.945265e+00 -6.974087e+00 -5.090832e-01 -1.205081e+01 -2.494138e+00 -9.416264e+00 6.381077e+00 -2.115726e+01 -8.284820e+00 3.208394e+00 -2.112841e+00 1.426013e+01 -7.927674e+00 -7.739391e-01 2.931983e+00 -3.762228e+00 2.583359e-01 9.711486e-01 -7.351871e-02 
8.276443e+00 -7.220242e+00 -8.068452e-01 -1.423223e+01 -5.846800e+00 -6.859478e+00 7.742879e+00 -2.287162e+01 -8.010575e+00 1.352790e+00 -1.909752e+00 1.056449e+01 -3.356915e+00 -1.208543e-01 3.417124e+00 -6.755067e+00 -6.259216e-01 2.486278e+00 -1.000104e+00 
7.435122e+00 -7.341370e+00 3.958529e+00 -1.680997e+01 -1.237904e+01 -8.713540e+00 1.337471e+01 -1.986098e+01 -8.191057e+00 7.494664e-01 -9.120995e+00 9.866652e+00 1.737859e+00 3.128446e+00 2.534964e+00 -7.137019e+00 -2.346972e+00 2.762253e+00 -2.212475e+00 
5.851983e+00 -4.321086e+00 4.559247e+00 -1.964804e+01 -1.166377e+01 -9.946523e+00 1.481041e+01 -1.640175e+01 -9.903393e+00 1.458100e+00 -1.116702e+01 5.888197e+00 3.971408e+00 6.131525e+00 3.200783e+00 -6.455242e+00 -2.912938e+00 9.666051e-01 -1.318353e+00 
6.471364e+00 -3.635683e+00 7.667070e+00 -2.302163e+01 -9.600551e+00 -1.334433e+01 1.631854e+01 -1.407828e+01 -8.297523e+00 -8.939664e-01 -9.692203e+00 2.537492e+00 7.367638e+00 2.370177e+00 3.528031e+00 -4.128036e+00 -3.755499e+00 7.476001e-01 -7.380384e-01 
6.890736e+00 -3.395291e+00 9.452497e+00 -2.255444e+01 -1.170441e+01 -1.187821e+01 1.623997e+01 -1.738112e+01 -4.620148e+00 1.622683e+00 -1.222601e+01 -9.507080e-01 1.009170e+01 1.528231e+00 4.330856e+00 -4.727240e+00 -3.211613e+00 7.142272e-01 -1.572152e+00 
8.022850e+00 -7.123680e-01 5.525472e+00 -2.213015e+01 -1.405676e+01 -1.799479e+00 8.293585e+00 -1.435298e+01 -6.696972e+00 5.993155e+00 -1.557657e+01 -1.896608e+00 8.934485e+00 5.433258e+00 3.390683e+00 -7.555336e+00 7.621549e-01 -9.764354e-01 -2.933079e+00 
8.352846e+00 8.914750e-01 5.193834e-01 -1.562819e+01 -1.736977e+01 -4.252522e+00 1.109855e+01 -1.280883e+01 -8.027148e+00 5.955233e+00 -1.641320e+01 3.154174e+00 8.446812e+00 2.165163e+00 4.172786e+00 -5.192674e+00 -1.317025e+00 2.153131e-01 -3.619351e+00 
9.398124e+00 1.043510e+00 -4.014291e+00 -9.301877e+00 -2.453000e+01 9.955606e-01 1.035264e+01 -1.500909e+01 -5.451996e+00 3.838755e+00 -1.254272e+01 4.697610e+00 4.434283e+00 4.591502e+00 4.121195e+00 -7.314102e+00 -4.766096e-01 1.228369e+00 -4.106934e+00 
8.248085e+00 2.830625e+00 -7.787791e+00 -7.647057e+00 -2.469699e+01 5.001147e-01 1.192427e+01 -1.606993e+01 -4.639125e+00 6.904001e-01 -8.370420e+00 4.460298e+00 6.956779e+00 1.014422e-01 4.948108e+00 -7.936362e+00 -1.770315e+00 3.130996e+00 -3.870500e+00 
8.221972e+00 4.608213e+00 -9.881829e+00 -8.184231e+00 -2.340171e+01 -1.615008e+00 1.392812e+01 -1.888243e+01 -3.497040e+00 -9.847717e-01 -2.962422e+00 2.276175e+00 5.165219e+00 1.116169e+00 5.392758e+00 -8.724617e+00 -4.253964e+00 3.040744e+00 -9.420594e-02 
8.337698e+00 4.052417e+00 -1.105733e+01 -5.155745e+00 -2.355095e+01 -1.741209e+00 1.212626e+01 -1.996781e+01 1.016306e-01 -3.724256e+00 5.380166e-01 3.180927e+00 5.228342e+00 -2.430367e+00 5.021326e+00 -6.651433e+00 -3.843471e+00 2.835472e+00 2.287389e-02 
7.504342e+00 3.582829e+00 -1.090793e+01 -4.613842e+00 -2.133567e+01 -7.066301e+00 1.203345e+01 -1.187991e+01 -1.693983e+00 -9.051751e+00 2.394248e+00 4.128532e+00 5.325421e+00 -4.351266e+00 4.004656e+00 -8.158372e+00 -3.602061e+00 3.346173e+00 1.383543e+00 
6.531700e+00 3.346139e+00 -1.238945e+01 -3.410454e+00 -1.783035e+01 -7.775104e+00 1.007744e+01 -9.508195e+00 -5.105574e+00 -1.025702e+01 8.800156e+00 5.314062e+00 1.006487e+00 -5.722840e+00 5.256385e-01 -6.983381e+00 -1.211502e+00 5.289047e+00 4.881990e-01 
5.734863e+00 3.977035e+00 -1.202751e+01 -2.982416e+00 -1.399808e+01 -7.498026e+00 5.940516e+00 -1.089748e+01 -4.832056e-01 -9.754639e+00 6.958742e+00 5.738812e+00 2.589567e+00 -1.247368e+01 2.132480e+00 -5.131734e+00 -8.362127e-01 3.482610e+00 9.661894e-01 
6.565786e+00 1.992467e+00 -1.100407e+01 -3.177348e+00 -1.035794e+01 -5.185014e+00 5.048549e+00 -1.218503e+01 -9.982366e-01 -1.199183e+01 8.703566e+00 3.081213e+00 -5.771952e-01 -1.334998e+01 7.517367e+00 -3.542049e+00 -3.764962e+00 3.891914e+00 2.869452e+00 
7.963339e+00 2.905161e+00 -1.101680e+01 -3.478617e+00 -1.073473e+01 -4.773844e+00 6.101825e+00 -1.603763e+01 3.217926e+00 -1.259629e+01 8.182030e+00 2.952074e+00 8.025699e-01 -1.818553e+01 9.630512e+00 -3.656141e+00 -4.033102e+00 2.488270e+00 3.543116e+00 
6.881695e+00 2.585730e+00 -1.066053e+01 2.405025e-01 -9.220271e+00 -2.824215e+00 -2.992563e+00 -8.166431e+00 6.928933e+00 -1.185908e+01 9.231449e+00 2.134775e-01 2.264770e+00 -2.208966e+01 7.529073e+00 -1.260921e+00 -1.858187e+00 1.203375e+00 2.053714e+00 
7.305382e+00 2.479527e+00 -1.478433e+01 3.889191e+00 -8.283871e+00 -4.615823e-01 -9.988029e+00 -6.724023e+00 7.415208e+00 -1.561981e+01 5.005961e+00 -8.689962e-01 4.191499e+00 -2.365347e+01 1.240394e+01 2.670310e+00 -5.421097e+00 -8.149391e-01 7.156100e-01 
7.713172e+00 9.305027e-01 -1.484354e+01 9.019826e+00 -6.957906e+00 -1.944126e+00 -1.453050e+01 -9.701846e+00 9.663713e+00 -1.614778e+01 5.038724e+00 2.057652e+00 9.457523e+00 -3.027680e+01 1.421210e+01 4.827979e+00 -7.332692e+00 -2.175255e+00 -1.845553e+00 
8.349797e+00 -2.966512e-01 -1.358263e+01 1.069410e+01 -9.219843e+00 -6.333664e+00 -1.294973e+01 -1.134734e+01 1.183647e+01 -1.240156e+01 6.962696e+00 -4.994009e+00 1.117708e+01 -2.741397e+01 8.501048e+00 1.509742e+00 -5.176614e+00 -8.109927e-01 -2.399193e+00 
8.549121e+00 5.094783e-01 -1.130930e+01 1.218672e+01 -1.250221e+01 -1.126962e+01 -7.401525e+00 -1.089874e+01 1.481909e+01 -1.177706e+01 3.499924e+00 -8.347968e+00 1.404025e+01 -2.231039e+01 5.551813e+00 -2.814956e+00 -3.999382e+00 -1.135480e-01 -2.685673e+00 
8.718957e+00 2.167217e-01 -1.314336e+01 9.917189e+00 -5.662770e+00 -1.636974e+01 -5.351080e+00 -1.307363e+01 1.353525e+01 -7.440798e+00 1.438492e+00 -6.192902e+00 8.623771e+00 -2.426633e+01 6.093673e+00 -8.851498e-01 -3.901469e+00 -3.017659e+00 -2.847750e+00 
7.215961e+00 1.313055e+00 -1.245836e+01 7.155046e+00 4.703816e-01 -1.618153e+01 -6.361810e+00 -1.464115e+01 1.436920e+01 -1.355276e+00 -6.225342e+00 -3.354536e+00 4.174145e+00 -1.920130e+01 6.693283e-01 6.685403e-01 -1.547849e+00 -5.115779e+00 -1.959667e+00 
6.911029e+00 2.745860e+00 -1.550103e+01 8.820251e+00 5.043728e+00 -1.463831e+01 -8.796000e+00 -1.560572e+01 1.632074e+01 -1.511304e+00 -1.485192e+01 -3.475239e+00 1.892981e+00 -1.719169e+01 -1.322454e+00 1.286421e+00 3.513971e-01 -5.011334e+00 -1.192979e+00 
4.810573e+00 2.011623e+00 -1.394285e+01 7.051676e+00 7.774920e+00 -1.135615e+01 -1.093143e+01 -1.219639e+01 1.197922e+01 -1.705981e+00 -1.602630e+01 -8.092753e+00 5.205126e-01 -9.806259e+00 -3.916222e-01 -1.372522e-01 -2.367258e+00 -6.683219e+00 -1.229940e+00 
2.605696e+00 9.127697e-01 -1.041945e+01 1.013826e+01 8.141099e+00 -1.163045e+01 -1.242993e+01 -1.349592e+01 3.537449e+00 -1.452577e+00 -1.342789e+01 -1.018454e+01 -2.781034e+00 -8.855867e+00 5.858058e-01 -6.934169e-01 -4.050158e+00 -6.516603e+00 4.423610e-01 
2.151208e+00 1.584471e+00 -8.799217e+00 7.849632e+00 1.320726e+01 -1.355060e+01 -9.095399e+00 -7.559259e+00 1.227283e+00 -3.458545e+00 -1.336744e+01 -1.123796e+01 -1.468395e+00 -5.245733e+00 1.200102e+00 5.685130e-01 -8.788846e-01 -7.935972e+00 -1.398395e+00 
-2.708657e-01 1.680395e+00 -4.604560e+00 6.978940e+00 7.014903e+00 -1.526779e+01 -9.013955e+00 -1.459027e+01 4.669767e+00 -3.195570e+00 -1.417622e+01 -7.160408e+00 -6.093510e+00 -1.134047e+01 5.440197e+00 1.910491e+00 -1.561639e+00 -8.828441e+00 -2.131073e+00 
-6.828967e-01 6.359639e-01 -5.465742e+00 8.791588e+00 7.044530e+00 -1.005521e+01 -6.368856e+00 -1.773688e+01 5.640098e+00 -4.646948e+00 -1.772164e+01 -3.581187e+00 -7.688524e+00 -1.066639e+01 5.704081e+00 -5.785730e-01 -4.900203e+00 -6.249274e+00 2.413726e-01 
-7.445831e-01 -1.517867e+00 -9.961309e+00 7.836147e+00 8.045467e+00 -7.547062e+00 -5.764525e+00 -1.298389e+01 2.225533e+00 -3.280648e+00 -1.670199e+01 -5.363317e+00 -8.145956e+00 -9.284842e+00 9.666735e-01 2.454754e+00 -4.976946e-01 -7.351104e+00 -7.368082e-01 
-3.457507e+00 -1.290852e+00 -1.023323e+01 6.714129e+00 1.541804e+01 -5.376201e+00 -1.855157e+00 -1.252081e+01 1.450825e+00 -2.789864e+00 -1.853989e+01 -6.614500e+00 -3.575111e+00 -1.158352e+01 2.314533e+00 1.813850e+00 -1.864856e+00 -6.638867e+00 -1.131801e+00 
-3.689855e+00 -1.998694e+00 -9.985944e+00 4.269679e+00 1.489063e+01 -4.988671e+00 4.856640e+00 -7.645689e+00 -6.850098e+00 -6.934293e+00 -1.572789e+01 -8.079627e+00 -3.113142e+00 -5.168100e+00 7.420037e-01 -5.946365e-01 -1.521585e+00 -7.061646e+00 -1.031608e+00 
-6.723315e+00 -6.773821e+00 -5.102962e+00 -6.849681e-01 1.072558e+01 6.560210e+00 4.959430e+00 -1.196700e+01 -5.517569e+00 -3.203066e+00 -1.184223e+01 -9.647732e-01 -6.467428e+00 -6.308733e+00 5.316926e+00 -2.979064e+00 -8.106715e-01 -1.619650e+00 -3.785932e-02 
-1.340502e+01 -1.227374e+01 8.091384e+00 -5.681966e+00 -2.259517e+00 2.420172e+00 4.717374e+00 -9.643757e+00 -1.488604e-01 -3.208849e+00 -1.335321e+01 6.210781e+00 1.782701e-01 -7.148974e-02 1.003522e+01 -1.069723e+01 2.296126e+00 -1.281440e+00 -2.446121e+00 
-1.619230e+01 -1.283262e+01 6.633407e+00 -9.578680e+00 -6.357130e+00 -6.245490e+00 -1.561170e+00 -7.908349e+00 9.358247e-01 -2.346984e+00 -1.256130e+01 7.976616e+00 2.440332e+00 7.495351e-01 8.317388e+00 -1.063020e+01 2.301261e+00 1.409022e+00 7.451230e-02 
-1.781627e+01 -1.017811e+01 -1.623302e-01 -1.584040e+01 -1.138763e+01 -6.216698e+00 -2.819111e+00 -1.139536e+01 -1.001520e+01 4.997793e+00 -1.213561e+01 6.316396e+00 1.187277e+01 4.014599e+00 4.419961e+00 -3.411756e+00 5.015284e+00 1.471341e-01 -1.007769e+00 
-2.174857e+01 -2.631357e+00 -5.135654e+00 -3.972328e+00 -3.279828e+00 2.426209e+00 -1.486663e+00 -6.888365e-01 -3.796025e+00 1.342518e+00 1.427065e+00 1.137160e+00 1.248485e+00 -2.268235e+00 1.966748e+00 -1.143373e+00 1.709917e-02 -6.490623e-01 1.539391e+00 
-2.261004e+01 -5.931015e+00 -5.634483e+00 -9.100180e-01 -1.656981e-01 5.899617e+00 2.862979e+00 -2.548912e+00 -4.219009e+00 5.778566e+00 1.367033e+00 5.154189e-01 -1.694339e+00 -3.899647e+00 1.191885e+00 4.980648e-02 2.039702e+00 1.214962e+00 4.889370e-01 
-2.197884e+01 -3.071295e+00 -3.730016e+00 -8.373431e-01 -1.633476e+00 6.495163e-01 -4.509212e+00 -5.390325e+00 4.087327e+00 -1.479658e-01 -4.274452e+00 -2.783338e+00 -1.941782e+00 -1.378899e+00 -2.318501e+00 -3.576911e-02 4.484218e+00 3.286184e-01 -9.300934e-01 
