-8.135356e+00 2.501368e+00 -1.953743e+00 -4.026613e+00 5.126309e+00 -4.066842e+00 -4.354369e+00 -8.746530e+00 1.360127e+00 4.183765e+00 -3.702906e+00 9.633260e-01 -2.424717e+00 2.406836e+00 2.667641e+00 -1.873582e+00 -1.692679e+00 9.764500e-01 1.264851e-03 
-8.704652e+00 2.407508e+00 -1.407287e+00 -6.354602e+00 5.382369e+00 -5.217455e+00 -3.238194e+00 -3.513026e+00 2.392972e+00 6.041859e+00 -6.033343e+00 7.506201e-01 1.213916e-01 -8.259254e-01 -3.400129e+00 -4.780126e+00 -1.586671e+00 3.251707e-01 -8.376311e-01 
-8.265398e+00 1.401019e+00 -2.670623e+00 -4.516779e+00 3.004827e+00 -6.379632e+00 -5.831657e-01 -6.556820e+00 -3.378045e+00 5.145012e+00 -6.834044e+00 -3.466588e+00 -6.015464e+00 -2.799216e+00 -1.309528e+00 8.127951e-01 -3.493910e+00 -7.773585e-03 -9.436148e-01 
-9.298399e+00 7.355483e-01 -1.999634e+00 -7.051504e+00 3.177730e+00 -3.811140e+00 -7.480819e-01 -5.109730e+00 3.248848e-01 2.250827e+00 -4.917198e+00 2.099557e+00 -1.416125e+00 -3.058537e+00 -4.826314e-01 -1.452424e-01 7.506543e-01 1.276743e+00 -1.032314e+00 
-9.338289e+00 9.600804e-01 -7.754552e-01 -3.805371e+00 5.517490e+00 -4.168937e+00 -3.120876e+00 -5.296641e+00 8.535578e-01 4.881026e+00 -5.572754e+00 1.657418e+00 -3.335405e+00 -5.919250e+00 -1.796261e+00 7.362279e-01 -3.432526e-01 4.847425e-01 -9.863855e-01 
-8.593583e+00 6.508585e-01 3.812537e+00 -6.409554e-01 2.202116e+00 -3.241128e+00 2.634338e+00 -2.652336e+00 -2.192051e+00 3.228175e-01 -1.711893e+00 3.583417e+00 2.199404e-02 1.059714e+00 2.029501e+00 -9.001693e-01 6.815493e-01 1.656369e+00 -5.609279e-01 
-6.579021e+00 2.776913e+00 1.355627e+00 -2.332310e+00 4.535123e+00 -2.065634e+00 -1.303614e-01 -3.721571e+00 9.704704e-01 4.929094e+00 -4.523917e+00 1.950665e+00 -5.970780e-01 -2.714865e+00 1.149741e-02 -2.063264e+00 -1.598168e+00 8.741279e-01 -1.315822e+00 
-9.824296e+00 4.128224e+00 -3.519103e+00 3.854603e+00 2.002933e+00 5.076167e+00 -2.946197e+00 -3.927526e+00 -3.809872e+00 5.013928e+00 -1.235046e+01 1.303303e+00 -5.567817e+00 -1.443259e+00 3.288759e-01 7.732390e-01 8.101403e-01 2.313405e+00 -2.605864e+00 
-1.121283e+01 5.003222e+00 -6.156378e+00 1.981175e+00 -2.142912e+00 -2.121391e+00 -4.746307e+00 -4.391122e+00 -5.704268e+00 -1.031674e+00 -9.025838e+00 -2.949224e+00 -5.484449e+00 -1.818445e+00 -1.045832e+00 -2.595768e+00 -2.310624e+00 1.118342e+00 -2.508769e+00 
-1.036864e+01 3.697452e+00 -1.641271e+00 -8.840517e-01 2.943781e+00 -1.274571e+00 -5.377703e-01 -3.334160e+00 5.472696e-01 3.886736e+00 -2.456146e-01 4.442775e+00 -2.727695e+00 -2.109890e+00 1.527041e+00 -1.692583e+00 4.780865e-01 1.023105e+00 5.382026e-01 
-9.276086e+00 3.486909e+00 -2.891814e-01 -9.680151e-02 4.838583e+00 6.690890e-01 8.693770e-01 -4.784578e+00 2.349397e+00 4.958644e+00 -5.785130e+00 -4.009373e-01 -3.618466e+00 -1.629302e+00 -3.920394e-01 1.261024e+00 -1.386715e+00 1.339230e+00 -1.074553e+00 
-8.069312e+00 2.230862e+00 1.485386e+00 -1.087903e+00 5.687107e+00 1.034693e+00 3.881923e+00 7.775845e-02 -2.750265e+00 -3.522927e-01 -6.190136e+00 2.412941e+00 -4.455100e-02 -1.647725e+00 5.500211e-01 1.373538e+00 -1.820337e-01 9.067990e-01 -1.613116e+00 
-8.290349e+00 2.856612e+00 1.334785e+00 -2.543691e-01 2.342411e+00 -1.969675e+00 1.597212e-02 -1.395559e+00 2.172726e+00 5.489230e+00 -3.812723e+00 4.807498e+00 2.748326e-01 -1.600077e+00 1.772434e+00 6.798838e-01 -2.313198e-01 2.675630e+00 -5.118500e-01 
-6.745368e+00 3.863364e+00 2.620753e+00 1.290001e-01 3.565097e+00 -5.899612e+00 -7.468774e-01 -1.238706e+00 2.429157e+00 6.046421e+00 -3.561443e+00 -9.742151e-01 -8.237318e-01 6.659970e-02 1.257199e+00 -1.953163e+00 -3.302192e+00 7.233865e-01 1.063072e-02 
-8.343206e+00 2.287018e+00 -1.119433e+00 -3.572311e+00 4.552987e+00 -8.013163e-01 3.062893e+00 1.000251e-01 3.291022e-01 4.617909e+00 -5.975371e+00 4.054060e+00 3.727289e+00 -3.112692e-01 -8.233188e-02 1.588055e+00 -1.410198e-01 5.099326e-01 4.547885e-01 
-8.811833e+00 3.782876e+00 -9.463952e-01 -5.348926e+00 2.276830e+00 -3.527832e+00 -3.625093e+00 -2.743064e+00 5.610547e+00 5.014318e+00 -1.344653e+01 6.261039e-01 1.967104e+00 -1.556166e+00 1.991678e+00 -9.652383e-01 -1.178423e+00 2.471193e-01 1.551863e+00 
-8.368649e+00 3.125618e+00 -1.814401e+00 -5.981944e+00 2.628864e+00 -6.231810e+00 -3.013484e+00 2.010449e-01 7.533354e-01 8.865989e-01 -9.407024e+00 4.486716e+00 1.950492e+00 -2.463626e+00 8.434796e-01 -1.841281e+00 9.311464e-01 2.628217e+00 1.597089e-01 
-1.924756e+01 1.185657e+01 2.511564e-01 -3.902059e+00 6.359559e+00 -7.127201e+00 1.606032e+00 -6.601922e+00 8.296464e+00 -2.116832e-01 2.827108e+00 -4.884917e+00 1.324974e+00 -2.862058e+00 1.987343e+00 -1.331706e+00 -3.353885e-01 9.266929e-02 4.706203e-01 
-1.767677e+01 8.693962e+00 -1.872254e+00 -3.576264e+00 3.835041e+00 -1.172924e+01 -9.337482e-01 -6.980058e+00 8.036652e+00 -2.557404e+00 1.963875e-01 -5.182286e+00 4.540775e+00 -8.648141e-02 2.329433e+00 -1.876822e+00 2.040091e-01 1.323074e+00 1.000474e+00 
-9.583437e+00 4.413646e+00 -1.215731e-02 -1.529158e+00 3.253379e+00 -6.782612e+00 4.117342e+00 -5.023246e+00 1.165576e+00 4.086447e+00 -8.230809e-01 1.619467e+00 2.327992e+00 -8.876907e-01 2.626387e+00 8.761443e-01 -3.513377e-01 1.178811e+00 3.658271e-01 
-8.560474e+00 2.539575e+00 1.290563e+00 -1.375131e+00 2.277379e+00 -5.288815e+00 -1.397776e+00 -7.613639e+00 2.966749e+00 4.038096e+00 -1.824000e+00 2.923347e+00 -3.764443e+00 -4.286088e+00 3.349595e+00 -1.336444e+00 -3.369937e-01 1.486255e+00 -1.631855e+00 
-8.956499e+00 2.919427e+00 9.650502e-02 -4.320128e+00 5.628939e+00 -4.414746e+00 -2.119655e-01 -2.478483e+00 9.278790e-01 2.638389e+00 -5.045192e+00 3.322508e+00 1.974851e+00 7.662846e-01 1.399036e+00 -3.034605e+00 1.445667e+00 1.362327e+00 -2.672445e-01 
-9.933949e+00 2.760800e+00 7.202246e-01 -7.301849e+00 6.511208e+00 -1.294837e+00 -4.381323e+00 -2.074242e+00 -2.167041e+00 3.948344e+00 -1.986014e+00 1.648107e+00 1.273377e+00 -2.060167e+00 -1.474077e+00 2.106342e+00 -7.753724e-01 -1.906011e+00 -7.150289e-01 
-1.534409e+01 3.212667e+00 5.287105e-01 -7.793287e+00 4.250563e+00 -4.158224e+00 -8.578963e+00 3.951235e+00 -4.503578e+00 9.989832e-01 -2.828531e+00 -5.608728e+00 -7.181045e-01 -2.211967e-01 -3.014289e+00 -2.513582e+00 -1.833823e-01 8.359388e-01 -1.285422e+00 
-1.248215e+01 4.271007e+00 2.885996e-01 -8.655344e+00 3.776856e+00 -5.279076e+00 -5.606259e+00 5.437939e+00 1.190861e+00 3.534145e+00 2.543473e-01 -2.189771e+00 -2.699058e+00 -5.195742e-01 4.475764e-03 6.584655e-01 8.896881e-02 1.152527e-01 -1.089064e+00 
-1.079438e+01 2.553063e+00 -4.961576e-01 -4.761505e+00 6.382772e+00 -3.815993e+00 -2.531795e+00 -5.145031e+00 2.118157e+00 6.707564e+00 -1.282519e+00 3.244859e+00 3.378234e+00 -6.777555e-01 1.693668e+00 -6.517321e-01 -1.044147e+00 9.246625e-01 -2.434124e+00 
-1.114337e+01 2.589694e+00 1.039039e+00 -5.293796e+00 6.347360e+00 -4.273355e+00 -5.220873e+00 -3.281716e+00 3.162824e+00 1.954849e+00 -2.824931e+00 2.228712e+00 2.142085e+00 -3.881215e+00 -3.734390e-01 -9.279101e-01 1.902060e+00 1.613450e-01 -2.052860e+00 
-8.555484e+00 2.978652e+00 1.343038e+00 -6.702343e+00 4.534968e+00 1.056612e+00 1.196155e+00 -4.496843e+00 7.983158e+00 8.813062e+00 -3.986300e+00 2.982649e+00 -4.403626e+00 -1.363164e+00 2.243087e+00 2.198334e-01 -1.690124e-01 -1.381780e+00 7.991488e-02 
-8.878945e+00 3.639539e+00 -7.584050e-01 -6.264408e+00 2.542780e+00 -1.759023e+00 -2.050583e+00 -5.735646e+00 4.504392e+00 3.506059e+00 -5.920759e+00 1.626580e+00 -2.382235e+00 -2.635507e+00 9.690474e-01 5.010954e-02 -4.017918e-01 1.733920e+00 -4.968470e-01 
-8.953151e+00 1.427293e+00 -9.355492e-01 -5.302778e+00 8.145514e+00 -4.779356e+00 -3.815309e+00 -3.279300e+00 7.024010e-01 -2.926469e+00 -4.608648e+00 1.973156e+00 -2.307345e+00 -2.286877e+00 3.311777e-01 3.087825e-01 -5.548697e-01 -1.083620e+00 -1.807468e+00 
-9.041126e+00 -1.969287e+00 1.158976e-01 -5.421540e-01 1.326314e+00 -1.964430e+00 -1.767846e+00 -3.569854e+00 2.106162e+00 2.797712e+00 -1.087873e+00 1.446007e+00 -3.332091e+00 -1.618774e+00 -8.074018e-01 -5.291905e-01 -3.420135e+00 -3.501171e-01 -1.216743e+00 
-8.129237e+00 1.472219e+00 7.510858e-01 -9.536154e-01 4.680186e+00 -2.970719e+00 -1.496265e+00 -1.885545e+00 4.047577e+00 8.508454e+00 -3.035559e+00 -2.118478e+00 -2.783500e+00 -4.969049e+00 4.639215e-01 -2.933362e-01 9.217015e-01 1.227569e+00 -6.300040e-02 
-1.031947e+01 -6.700044e-01 1.639114e+00 -1.407130e-01 3.384083e-01 -9.933793e+00 9.956037e-01 -2.299687e+00 -2.275907e+00 4.539207e+00 2.299864e+00 2.107733e+00 -4.477813e+00 -3.655933e-01 5.646743e+00 9.894797e-01 -2.237209e-01 -4.634995e-01 -2.046640e+00 
-8.879017e+00 3.088363e+00 2.118971e+00 -3.907213e+00 1.764897e+00 -5.150425e+00 1.592026e+00 -4.845752e+00 -1.303521e+00 1.691500e+00 -1.387430e+00 3.588161e+00 1.891117e+00 -2.476109e-01 -2.719230e+00 -5.414929e-01 6.802716e-01 1.379763e+00 -1.933336e-01 
-7.614731e+00 1.933690e+00 1.399696e+00 -4.561113e+00 -6.239621e-01 -6.376512e+00 -2.470862e-01 -5.223082e+00 -2.227927e+00 3.035437e+00 -9.026363e+00 -5.010778e+00 -4.669986e+00 -4.717188e+00 -3.734096e+00 -4.799466e+00 -1.717739e+00 1.836010e+00 1.580609e+00 
-9.032814e+00 2.315345e+00 9.937710e-01 -1.077508e+00 2.791993e+00 -4.920532e+00 -2.955506e+00 9.940293e-01 5.086476e+00 8.753289e+00 -7.000916e+00 7.236275e-01 -2.333520e+00 -2.286242e-01 1.385843e-01 5.779058e-01 -6.485628e-01 -3.851055e-01 -1.414393e+00 
-7.249846e+00 3.944793e+00 1.601304e+00 -1.989496e+00 3.494423e+00 -2.285048e+00 1.055687e-01 4.128647e-01 1.546199e+00 3.857524e+00 -3.747853e+00 -1.014876e+00 -3.359015e+00 -1.692554e+00 -1.862547e-01 -3.883875e+00 -1.694463e+00 1.598451e+00 4.706639e-01 
-8.992675e+00 3.113396e+00 2.725915e+00 -1.732575e+00 4.464897e+00 -3.821441e+00 1.302402e+00 -1.514595e+00 5.036894e+00 3.571390e+00 -6.025434e+00 1.794236e+00 -5.618412e+00 -4.559453e+00 2.590259e+00 2.995958e+00 6.778460e-01 1.493009e-01 3.688225e-01 
-8.937482e+00 2.446239e+00 -1.600296e+00 -6.962370e+00 2.786168e+00 -4.978292e+00 -5.622203e+00 -5.573445e+00 -1.269317e+00 2.104598e+00 -5.218548e+00 1.972755e+00 1.825026e+00 -2.445673e-01 -5.723751e-01 1.029678e+00 -2.581864e-01 5.444164e-01 1.023558e+00 
-9.976135e+00 2.458705e+00 3.244138e-01 -3.073813e+00 3.574124e+00 -8.699475e+00 -6.320843e+00 -4.002830e+00 1.563352e+00 3.003453e+00 -2.165928e+00 4.849598e+00 -3.236332e+00 -5.347898e+00 -3.935845e+00 -7.859284e-01 -6.893057e-01 -8.495390e-02 -7.143245e-01 
-9.394317e+00 1.993201e+00 -9.482821e-01 -6.716073e+00 2.442516e+00 -5.511202e+00 -5.359452e+00 -6.775372e+00 -1.749783e+00 3.051115e-01 -7.573244e+00 5.607910e-01 -6.733415e-02 -4.636213e+00 -3.725219e+00 -4.683444e-01 -6.364045e-01 -1.099193e+00 -1.943153e+00 
-8.846037e+00 2.517701e+00 -7.459684e-01 -1.002694e+01 1.643409e+00 -4.365331e+00 -5.191731e-01 -1.239020e+00 -1.741725e+00 2.442786e+00 -8.072434e+00 -3.250199e+00 -2.822049e+00 -2.603956e+00 -1.010961e+00 -2.399424e+00 1.108345e+00 -3.619317e-02 -1.209194e+00 
-8.441212e+00 1.026677e-01 -1.158733e+00 -4.142303e+00 4.621263e+00 -6.731510e+00 -1.946857e+00 -2.799325e+00 2.685758e+00 2.176695e+00 -2.968008e+00 3.755806e+00 -2.350369e+00 -2.754078e+00 4.539490e-01 5.843582e-01 -9.683418e-01 1.365320e+00 8.586732e-01 
-8.466443e+00 -1.142666e+00 2.189759e+00 -4.530261e-01 2.321586e+00 -9.198659e+00 -2.234416e+00 -3.426163e+00 -4.058962e-01 3.441736e+00 -2.095694e+00 8.070600e+00 2.703377e+00 -2.195402e+00 1.568445e-01 8.672284e-01 8.105036e-01 5.525386e-01 -8.832074e-01 
-8.814708e+00 1.625854e+00 1.542709e+00 -2.738923e+00 4.059684e+00 -4.380030e+00 2.211259e+00 -1.437552e+00 -5.206692e-01 3.329575e+00 -2.068569e-01 5.598150e+00 -3.707138e+00 -3.134014e+00 3.952519e+00 1.023310e+00 2.481998e-01 -5.357231e-01 -6.714608e-01 
-9.235692e+00 1.653419e+00 1.672222e+00 -2.662024e+00 1.375718e+00 -3.376450e+00 2.713804e+00 -6.998141e+00 -4.105809e+00 5.204683e+00 2.531939e+00 6.725823e+00 -1.696842e+00 -1.804307e+00 5.410407e+00 3.359544e+00 2.157413e+00 2.765427e+00 1.034530e+00 
-9.168744e+00 3.590769e+00 3.047067e-01 -4.684257e+00 4.523282e+00 -1.827833e+00 4.925966e-01 -4.042275e+00 2.015219e+00 7.070790e+00 -3.024581e+00 2.861939e+00 7.189604e-01 -1.361977e+00 2.121949e+00 -1.892340e-01 -2.034354e-01 6.442234e-01 -7.793503e-02 
-8.511113e+00 2.294842e+00 4.802798e-01 6.461481e-01 1.061577e+01 -2.387587e+00 -2.036646e+00 -1.537699e+00 -6.499856e-01 1.900159e-01 -2.842590e+00 2.279879e+00 -9.195203e-01 -3.511340e+00 -4.282700e-01 1.627928e+00 -5.961208e-01 -1.968024e-01 -3.417593e-01 
-8.732486e+00 8.670509e-01 -2.607040e+00 -6.349155e+00 3.367362e+00 -2.129512e+00 -5.900813e-01 -2.028468e+00 2.964307e+00 4.839299e+00 -5.664347e+00 4.835011e+00 -5.222834e-01 -9.959013e-01 1.862232e+00 2.782496e+00 -1.485827e+00 2.249525e-01 -7.642224e-01 
-8.372311e+00 1.667018e+00 -2.119739e+00 -5.346333e+00 2.489273e+00 -1.978180e-01 3.116203e+00 -4.150468e+00 -1.628583e+00 6.333052e+00 -5.803506e+00 1.473050e+00 -3.189528e+00 -4.069279e+00 5.207645e-01 -6.984149e-02 -2.940140e+00 6.294083e-01 -2.371992e-01 
-8.620636e+00 2.592673e-01 1.075164e+00 -4.994269e+00 2.089942e+00 -7.123554e+00 -1.481646e+00 -6.149594e+00 -1.999802e-01 5.728943e+00 -6.859636e+00 2.262672e+00 -2.285519e+00 1.188733e+00 1.194748e+00 -6.839209e-01 -1.368685e+00 5.260754e-01 -1.005367e+00 
-7.800875e+00 -1.926569e+00 5.609525e-01 -2.421258e+00 2.552319e+00 -4.291896e+00 -3.068719e+00 3.391342e-01 4.288616e+00 3.933729e+00 -9.969569e+00 2.132236e+00 2.740539e+00 -1.606557e+00 -1.762155e-04 8.786768e-01 1.545043e+00 -6.966462e-01 -2.050277e+00 
-7.839931e+00 -4.134716e+00 1.212620e+00 -4.244746e+00 3.862064e+00 -3.928460e+00 -1.814702e+00 4.929827e+00 3.571015e+00 3.176892e+00 -9.926391e+00 2.847977e+00 -9.883308e-01 3.418544e-01 -6.362898e-01 4.366748e+00 2.682207e-02 9.176918e-02 -1.463671e+00 
-7.316885e+00 6.871070e-01 2.803041e+00 -8.677408e-01 2.621532e+00 -6.389745e+00 -1.650860e+00 -5.984819e+00 -3.151435e+00 7.542533e-02 -6.510949e+00 7.029355e-01 -3.105369e+00 -2.171347e+00 6.700141e+00 -1.689299e+00 -1.930634e+00 3.520559e-01 -1.112824e+00 
-1.142004e+01 -5.587098e+00 4.364603e+00 -8.938823e-01 5.233083e+00 -1.165336e+00 -7.306750e+00 -3.487421e+00 8.076427e+00 1.706118e+00 -1.257996e+01 6.036423e+00 3.853121e+00 -2.879833e+00 -2.282616e+00 -3.357662e+00 3.990712e+00 -3.300203e+00 -1.747817e+00 
-1.058340e+01 -8.672891e+00 6.966855e+00 -3.500656e+00 5.320406e+00 -5.941424e+00 -7.098203e+00 -3.992370e+00 1.017219e+01 8.450080e-01 -1.637180e+01 4.680268e+00 2.081161e+00 1.487629e+00 -7.886603e-01 1.657124e+00 6.970570e+00 -1.470284e+00 -1.569265e-01 
-1.248005e+01 -8.835838e+00 3.812252e+00 -1.912673e+00 2.603905e-01 -4.434295e+00 -9.117903e+00 -3.740610e+00 1.377002e+01 2.774681e+00 -1.297584e+01 3.370759e+00 3.755301e+00 3.180043e-02 6.806664e-01 -3.381681e+00 5.845073e+00 -3.104700e+00 1.008471e+00 
-1.210443e+01 -8.863810e+00 4.631599e+00 5.200832e-02 2.783332e+00 2.215514e+00 -5.546683e+00 -3.808645e+00 1.143954e+01 2.294223e-01 -1.378439e+01 9.500464e-01 4.535824e+00 -2.413136e+00 -1.049407e+00 -2.675774e+00 6.330018e+00 2.230227e-01 2.105348e+00 
-8.089350e+00 -3.693138e+00 3.859190e-01 5.505887e-01 6.644152e+00 1.686038e+00 -3.733295e+00 -5.162290e+00 4.166187e+00 -8.439665e+00 -1.729194e+01 -1.550377e+00 3.893766e+00 -4.295519e+00 2.095630e+00 -1.398106e+00 5.805864e+00 -5.869963e-01 -3.797295e-01 
-8.830775e+00 -8.221387e+00 -4.101902e+00 -2.441839e+00 4.582540e+00 -3.281150e+00 -3.110860e+00 -4.461425e+00 6.718693e+00 -3.558808e+00 -1.756009e+01 2.293967e+00 -5.409180e-01 -1.319730e+00 1.941793e+00 -1.153571e+00 4.868493e+00 -1.094312e+00 5.417385e-01 
-8.775182e+00 -7.079782e+00 -2.656321e+00 -3.908370e+00 -5.955843e-01 5.970715e+00 -4.204134e+00 -6.073679e+00 1.247643e+01 -2.057356e+00 -1.871920e+01 6.433685e-01 2.081253e+00 -6.706564e+00 -1.550971e+00 2.262474e-01 7.093519e+00 -6.039777e-01 -7.155855e-01 
-7.555679e+00 -6.758883e+00 -3.025939e+00 -1.967818e+00 2.828312e+00 4.525425e+00 -7.188275e+00 -5.456625e+00 1.014149e+01 9.334553e-01 -1.961514e+01 -4.005091e-01 2.230806e+00 -3.855783e+00 -1.327381e+00 -1.306922e+00 5.098896e+00 1.196205e+00 1.471993e-01 
-7.526461e+00 -6.426579e+00 -3.191092e-01 -1.757978e+00 3.727472e+00 -6.423534e-01 -9.588997e+00 -4.119045e+00 8.353827e+00 -3.500766e+00 -1.842807e+01 6.329963e-01 6.886935e+00 -6.135250e-01 -1.181176e+00 -1.812795e+00 3.138295e+00 1.669904e+00 -1.434621e+00 
-7.890665e+00 -8.857065e+00 -1.590344e+00 -5.847512e-01 2.874696e+00 3.477799e+00 -5.415867e-01 -4.020471e+00 1.148938e+01 3.044322e+00 -2.230667e+01 -2.131679e+00 1.522498e+00 -7.053342e+00 -2.768806e+00 -3.736790e+00 3.889364e+00 1.328489e+00 -1.849090e+00 
-7.728173e+00 -8.628167e+00 -3.237507e+00 -1.278125e+00 1.603091e+00 4.716777e+00 -5.715249e-01 8.316485e-01 1.189338e+01 5.299055e+00 -1.918363e+01 -1.842654e+00 5.966062e+00 -1.750180e+00 -1.057954e+00 1.725581e-01 5.338213e+00 2.228157e+00 -6.944643e-01 
-6.768046e+00 -8.490967e+00 -2.811659e+00 8.064868e-02 3.205169e+00 2.951360e+00 -1.126569e+00 -2.475712e+00 9.548056e+00 -1.722969e+00 -2.148582e+01 1.594284e-01 8.764050e-01 -5.368186e-01 -4.500096e-01 -1.645277e+00 2.165498e+00 1.141666e+00 -2.031925e+00 
-6.585830e+00 -1.156143e+01 -5.546077e+00 1.165915e+00 2.917090e-01 -1.218014e+00 -1.874571e+00 -4.195785e+00 2.419111e+00 4.618497e+00 -2.572959e+01 -3.357414e+00 3.262117e+00 2.583190e+00 3.956969e+00 -6.566193e-01 3.476443e+00 1.971651e+00 -2.616584e+00 
-5.917598e+00 -1.036533e+01 -4.449234e+00 -1.632756e-01 3.242213e+00 -1.874280e+00 2.650154e+00 -5.461982e-01 5.864378e+00 2.984085e+00 -1.453497e+01 -2.758394e+00 4.800528e+00 3.265016e+00 4.309634e+00 2.247216e+00 2.935281e+00 3.538198e+00 -2.336321e+00 
-5.587487e+00 -1.106539e+01 -4.588889e+00 2.093082e+00 1.817798e+00 -6.497260e-01 5.486477e+00 2.255671e+00 7.626270e+00 7.693305e-01 -1.020254e+01 -2.565646e+00 1.164361e+00 -1.539871e+00 4.605682e-01 -5.087515e-01 3.203427e+00 3.211959e+00 -5.862853e-01 
-5.950371e+00 -9.554410e+00 -5.859483e+00 3.975019e+00 2.060405e+00 -4.463677e+00 2.616539e+00 8.866105e-01 8.792132e+00 6.145355e+00 -1.084780e+01 -2.308376e+00 5.200079e-01 -2.998699e-01 5.109162e+00 -2.348781e-01 5.494360e+00 6.164668e+00 -5.556437e-01 
-5.678977e+00 -1.063030e+01 -4.902118e+00 2.650910e+00 -1.218950e+00 -7.703173e+00 -5.816395e+00 -3.717150e+00 4.592682e+00 -1.255808e+00 -1.442696e+01 -3.248631e+00 -2.533386e+00 -2.880980e+00 5.086864e+00 9.241452e-01 2.063069e+00 4.207898e+00 -1.715380e+00 
-5.197482e+00 -9.843136e+00 -4.634717e+00 3.057191e+00 5.290495e+00 -4.950659e+00 -1.261009e+00 -6.529991e-01 9.299806e+00 2.659594e+00 -1.365168e+01 2.031165e+00 -1.606761e+00 -5.878666e+00 1.274397e+00 -3.173564e-01 6.633267e-01 2.951951e+00 -6.148257e-01 
-6.458300e+00 -1.255987e+01 -8.361669e+00 -2.269568e+00 -1.434648e-01 -1.174551e+01 -7.240631e+00 -1.241975e+00 9.721764e+00 1.453751e+00 -1.320405e+01 -8.257459e-01 -2.955423e+00 -6.550303e+00 1.451473e+00 1.039902e+00 4.261962e-01 1.280055e+00 8.999128e-01 
-5.335413e+00 -1.017271e+01 -6.543683e+00 -8.025540e-01 5.903901e+00 -9.559642e+00 -1.387018e+01 -9.859869e-01 1.183773e+01 -8.284089e-01 -1.097258e+01 4.500211e-01 -1.702761e+00 -6.271666e+00 1.730287e+00 2.001515e+00 7.656494e-02 2.159876e+00 4.700984e-01 
-5.012534e+00 -9.853990e+00 -7.659352e+00 1.322655e+00 6.635002e+00 -1.102580e+01 -1.069372e+01 9.112191e-01 1.218835e+01 7.352770e+00 -6.301992e+00 2.490775e+00 -6.794059e+00 -1.054276e+01 2.850517e-01 1.996221e+00 3.135766e-02 1.464255e+00 1.249383e-01 
-5.030659e+00 -8.911016e+00 -9.088709e+00 -3.629897e+00 4.153414e+00 -8.156686e+00 -1.126964e+01 -6.638786e+00 1.011724e+01 6.527590e+00 -7.443563e+00 7.329248e-01 -8.228762e+00 -6.949365e+00 -4.484636e-01 1.983992e+00 2.246627e+00 1.199469e+00 9.301651e-02 
-4.281953e+00 -4.736715e+00 -8.790270e+00 -1.512611e+00 7.723319e+00 -7.167696e+00 -8.547254e+00 -6.445962e+00 3.884758e+00 6.451380e+00 -4.269608e+00 5.804856e+00 -3.732660e+00 -4.379059e+00 -6.970025e-01 3.707442e+00 1.616962e+00 7.102126e-01 -1.207467e+00 
-5.314326e+00 -1.362463e+00 -7.006363e+00 -4.867605e+00 4.909342e+00 -5.350789e+00 -6.893981e+00 -8.667595e+00 2.137073e+00 6.796541e+00 1.271761e+00 8.030761e+00 -5.674150e+00 -6.988753e+00 -4.114383e+00 2.277033e+00 2.385618e-02 -8.098271e-01 -1.033300e+00 
-5.777642e+00 -1.203424e-01 -4.590352e+00 -2.722433e+00 4.148932e+00 -4.635340e+00 4.325180e-01 -6.142491e+00 -4.018942e-01 7.393657e+00 3.189889e+00 8.175385e+00 2.436972e-01 -6.111718e+00 -3.389772e+00 4.559607e-01 4.927365e+00 2.286369e+00 -1.292774e+00 
-5.693648e+00 1.515935e+00 -6.359780e+00 -8.190559e+00 1.515573e+00 -5.292083e+00 -1.394458e+00 -6.947846e-01 -1.638666e+00 2.023886e-02 -6.629799e+00 7.634058e+00 8.569246e-02 -6.520598e+00 -3.809358e+00 -8.614126e-01 1.918416e+00 6.939034e-01 -1.917719e+00 
-8.357959e+00 1.017191e+00 1.258443e+00 -2.143111e+00 4.868828e+00 -3.835975e+00 -5.042801e+00 -3.650337e+00 4.341628e+00 3.936269e+00 -1.302686e+00 3.343168e+00 -5.976510e+00 -6.931647e+00 -2.258295e+00 8.695771e-01 3.896626e-01 2.244973e+00 1.526223e-01 
-8.842641e+00 1.018016e+00 -8.054015e-02 -5.563122e+00 3.395624e+00 -6.969870e+00 -6.568961e+00 -5.498980e+00 -1.663540e+00 2.617936e+00 -3.201024e+00 -2.627787e-01 -4.850961e+00 -4.795381e+00 5.652419e-01 9.763371e-01 -1.994303e-01 8.791691e-01 -1.033401e+00 
-8.041589e+00 2.245060e+00 6.596549e-01 -1.450660e+00 1.869766e+00 -2.757804e+00 -3.184439e+00 -5.715713e+00 2.651517e+00 1.423305e+00 -9.452908e+00 1.749280e+00 -1.384111e+00 -2.501890e+00 -2.578787e+00 -2.175577e+00 -8.023341e-01 8.466471e-01 -1.916045e+00 
-6.003094e+00 2.672871e+00 8.645505e-01 -2.080858e+00 5.427770e+00 -6.495473e+00 -4.888789e+00 -5.537290e+00 3.630571e+00 2.253798e+00 -8.271986e+00 -4.640204e-01 -1.828438e+00 -1.718655e+00 -7.472913e-01 -1.406067e+00 2.021005e+00 1.930737e-01 -1.213433e+00 
-6.782584e+00 7.907714e-01 7.164766e-01 -4.038804e+00 3.234889e+00 -5.081141e+00 6.992679e-01 -5.797393e+00 -5.333000e+00 6.896269e-01 -2.258015e+00 5.057208e+00 2.109515e-01 -5.348952e+00 -1.022939e-01 1.756189e-01 2.524783e-01 -9.841002e-04 -4.048124e-01 
-5.583560e+00 2.518461e+00 2.680751e+00 8.819605e-01 1.457388e+00 -4.780474e+00 -1.113038e+00 -8.999126e+00 8.489078e-01 7.505093e+00 -9.870595e-01 6.355462e+00 -2.530802e+00 -4.273926e+00 -2.541458e-01 -1.378418e+00 -5.256686e-01 -9.324555e-01 -1.462619e+00 
-7.014456e+00 -2.615058e-01 -2.193001e+00 -3.668986e+00 6.153651e+00 -3.363587e+00 -5.185826e-01 -9.779555e+00 -1.973777e+00 6.941007e+00 -5.211557e+00 1.195973e+00 -2.276694e+00 -5.306029e+00 -3.488120e+00 -8.291020e-01 -4.855805e-01 2.834415e+00 4.568740e-01 
-6.695225e+00 -2.578764e-01 -2.093018e+00 -5.448339e+00 1.305137e+00 -4.938187e+00 -4.736948e+00 -9.895471e+00 -2.197565e+00 5.161910e+00 -7.366343e+00 -2.090825e+00 -6.971924e+00 -1.789308e+00 -2.144680e+00 1.055072e+00 2.784826e-01 -2.767777e-01 -3.059265e+00 
-7.667226e+00 1.322510e+00 7.176570e-01 -5.389904e+00 9.588908e-02 -9.468263e+00 -3.441573e+00 -3.496955e+00 2.279046e+00 8.113353e-01 -1.114912e+01 -2.416617e+00 2.294993e+00 -1.874705e+00 -3.432341e+00 -4.459761e-01 2.357533e+00 2.986307e+00 -1.530299e-01 
-7.153300e+00 1.589519e+00 7.867554e-01 -2.235069e+00 1.000942e+00 -6.843987e+00 -9.208770e-01 -7.948294e+00 -7.891456e-01 2.306614e+00 -7.766264e+00 -1.453467e+00 -4.635747e-01 -3.538453e+00 -3.572959e+00 -1.604515e+00 2.278377e+00 1.942094e+00 -1.551304e+00 
-7.714612e+00 3.521595e+00 2.479663e-01 -2.794745e+00 -1.995682e-02 -5.276208e+00 2.473212e+00 -6.816593e+00 6.039637e-02 4.471828e+00 -7.319201e+00 -3.209952e+00 -2.141476e+00 -8.919540e-01 5.980943e-01 1.320558e+00 1.908578e+00 1.548598e+00 -1.364098e+00 
-7.647034e+00 2.126450e+00 2.707831e+00 -5.409253e+00 -2.984076e+00 -6.488760e+00 4.797817e+00 -7.620010e+00 -3.425908e+00 9.177991e-01 -1.221521e+01 -2.387442e+00 1.241947e+00 8.109019e-01 9.827309e-01 -1.638167e+00 1.162953e+00 2.281425e+00 3.649801e-01 
-9.017736e+00 2.018790e+00 5.187013e+00 -7.892788e-01 -3.104658e+00 -6.082210e+00 2.916652e+00 -1.225449e+01 -7.019003e+00 6.482080e-02 -1.282547e+01 -2.057153e+00 2.078873e+00 -3.095599e-02 -2.915452e+00 -2.119602e+00 3.391373e-01 1.359077e+00 -8.929146e-02 
-8.538163e+00 -1.419128e+00 3.294420e+00 9.635268e-01 -9.092839e-01 -8.236815e+00 1.841287e-01 -1.715884e+00 -4.048992e+00 -1.493127e+00 -1.034381e+01 -9.065121e+00 -1.284354e+00 3.717424e+00 1.462204e+00 1.552613e+00 2.172402e+00 1.499834e+00 -8.322099e-02 
-8.116904e+00 8.723557e-01 6.840799e+00 8.689140e-01 1.911641e+00 -1.062729e+01 -1.589984e+00 -8.492367e+00 -2.525435e+00 5.626181e+00 -1.029097e+01 -2.434889e+00 1.515509e-01 -3.267192e+00 -7.237236e-01 -4.955075e-03 -1.740671e+00 7.746918e-01 -8.706830e-01 
-7.597347e+00 1.054501e+00 5.248333e+00 1.331781e+00 2.456288e+00 -3.645598e+00 2.655876e+00 -3.413536e+00 1.616345e+00 4.885191e+00 -1.008714e+01 -3.804829e+00 -3.049441e+00 -3.137140e+00 1.962489e+00 -2.583303e+00 -3.573492e+00 6.702360e-01 -5.396561e-01 
-7.315739e+00 2.670169e+00 1.868852e+00 -1.902306e+00 9.637132e-01 -6.853324e+00 2.091719e+00 -4.329542e+00 -1.026737e+00 1.136810e+00 -1.517970e+01 -3.533126e+00 1.870893e+00 8.850069e-01 2.756806e+00 9.864594e-01 2.111953e+00 1.951203e+00 -1.285551e+00 
-8.673963e+00 1.533513e+00 8.307723e-01 -8.341199e-01 5.753934e+00 -5.177121e+00 -1.123948e+00 -3.687981e+00 2.279441e-01 2.553728e+00 -8.708555e+00 -1.775153e+00 1.669282e+00 -1.898662e+00 -1.118538e+00 4.533803e-01 3.084767e+00 2.463162e+00 -4.885188e-01 
-8.101645e+00 3.832657e-01 4.831330e+00 -2.723620e+00 1.436392e+00 -6.500468e+00 -1.367690e+01 -6.100717e+00 3.278623e+00 6.385880e+00 -3.625690e+00 -4.340853e+00 6.689493e+00 8.406254e-02 -1.667543e+00 1.139730e+00 2.008563e+00 -5.606589e-02 3.605751e-01 
-7.845244e+00 5.372481e-01 3.106269e+00 -5.441501e+00 5.456309e+00 -3.709311e+00 -7.442950e+00 7.694137e-01 4.773327e+00 5.656344e+00 -4.487799e+00 -1.545301e+00 5.205104e+00 -2.629112e+00 -1.900232e+00 4.220944e+00 5.071613e-01 2.101203e+00 1.347411e+00 
-8.682965e+00 -2.000773e-01 5.534234e+00 -4.647993e+00 1.487979e+00 -5.198038e+00 -7.687028e+00 2.022338e+00 1.357318e+00 5.582482e+00 -4.929313e+00 1.629423e+00 7.019471e+00 -2.307504e+00 -3.994844e+00 1.257664e+00 -2.882883e+00 5.484279e-01 7.671418e-01 
-8.653607e+00 4.938173e-01 4.781172e+00 -3.944519e+00 2.638851e+00 -6.031247e+00 -6.881447e+00 5.009795e+00 6.689231e+00 5.096649e+00 -6.417702e+00 1.285474e+00 4.965538e+00 -1.369425e+00 -1.978793e+00 5.044523e+00 -3.831687e-01 2.050235e+00 1.398324e+00 
-8.355543e+00 -8.762560e-01 5.733118e+00 -3.406382e+00 5.198827e+00 -5.078146e+00 -5.075598e+00 1.691664e+00 5.059705e+00 1.702746e+00 -6.052104e+00 -8.129452e-01 -3.132552e+00 -8.799986e+00 -8.807582e+00 6.503084e+00 4.421498e-01 3.186248e+00 1.698245e+00 
-9.165484e+00 -1.333630e+00 6.314645e+00 -4.758524e+00 8.503959e-01 -8.606650e+00 -7.295185e+00 4.264948e+00 8.930580e+00 4.940744e+00 -9.221922e+00 -3.172484e+00 -6.412736e-01 -7.617112e+00 -5.768720e+00 5.356906e+00 -9.613602e-01 1.174788e+00 2.707502e+00 
-8.567779e+00 -1.373755e+00 3.267292e+00 -5.884291e+00 2.792582e+00 -1.061033e+01 -8.866742e+00 4.092537e+00 9.302794e+00 1.101388e+00 -2.808171e+00 6.233518e-01 -1.244188e+00 -7.153112e+00 -3.887937e+00 4.270201e+00 -1.827313e+00 2.083226e+00 1.483792e+00 
-9.175617e+00 -2.541195e+00 4.856091e+00 -4.451003e+00 1.173940e+00 -7.035368e+00 -8.452346e+00 1.707577e+00 5.571962e+00 4.716779e+00 1.873378e+00 1.881458e+00 5.512357e+00 -5.376945e+00 -5.023540e+00 4.303654e+00 2.342052e+00 4.963990e+00 3.314716e+00 
-9.148725e+00 -3.362572e+00 7.506701e+00 -6.118332e+00 2.100723e+00 -6.026316e+00 -5.341759e+00 4.923244e+00 6.527894e+00 2.266054e+00 -5.008881e+00 -1.480196e+00 6.436964e-01 -9.607727e+00 -7.191267e+00 6.998664e+00 1.171557e+00 2.964569e+00 8.597131e-01 
-9.021955e+00 -2.806776e+00 6.952975e+00 -5.618419e+00 2.901870e+00 -8.761718e+00 -7.264112e+00 7.126743e+00 1.012553e+01 2.950011e+00 -4.271892e+00 5.073842e+00 2.188618e+00 -6.192645e+00 -3.595616e+00 7.379412e+00 1.451770e-01 4.244936e+00 1.728259e+00 
-8.269595e+00 -3.533748e+00 7.544375e+00 -5.166467e+00 2.436289e+00 -6.747275e+00 -9.389949e+00 5.280113e+00 1.612665e+00 -5.372003e-01 -6.400333e+00 3.346735e+00 2.617961e+00 -6.614863e+00 -6.253347e+00 5.543058e+00 -5.651470e-01 4.189058e+00 2.434389e+00 
-9.608648e+00 -4.489567e+00 7.257250e+00 -4.547969e+00 4.046862e+00 -7.992172e+00 -7.235126e+00 4.535714e+00 3.031862e+00 1.663488e+00 -1.123109e+01 -2.537851e+00 1.273554e+00 -1.126933e+01 -6.003667e+00 5.119568e+00 2.919369e-01 2.045395e+00 1.501250e+00 
-9.858103e+00 -4.668108e+00 7.069221e+00 -8.259103e+00 5.115119e-01 -6.886023e+00 -1.026845e+01 3.124614e+00 4.725068e+00 1.175439e+00 -8.079519e+00 5.054650e-01 2.678261e+00 -9.860794e+00 -6.310946e+00 6.504093e+00 1.670843e+00 2.914005e+00 2.952801e+00 
-8.399620e+00 -4.286890e+00 6.513481e+00 -8.011739e+00 2.468133e+00 -6.435852e+00 -1.141479e+01 6.415870e+00 5.334308e+00 3.788419e+00 -7.969592e+00 9.480174e-01 3.424478e+00 -9.990290e+00 -6.584523e+00 6.381527e+00 2.370709e+00 3.667591e+00 1.881145e+00 
-9.499425e+00 -4.752016e+00 5.548563e+00 -6.962071e+00 3.479350e+00 -4.011168e+00 -1.256830e+01 8.050379e+00 6.880180e+00 1.163596e+00 -1.089524e+01 -1.730355e+00 1.569700e+00 -1.075410e+01 -7.376193e+00 7.467396e+00 3.418756e+00 1.255299e+00 1.747756e+00 
-9.130578e+00 -6.147809e+00 4.393219e+00 -9.475238e+00 1.320432e+00 -6.023826e+00 -1.086279e+01 7.917447e+00 8.877904e+00 -2.147443e+00 -1.017639e+01 -2.191752e+00 4.700107e+00 -5.254173e+00 -7.568935e+00 7.261036e+00 2.828923e+00 2.419214e+00 2.658563e+00 
-7.350704e+00 -3.602799e+00 5.955069e+00 -6.680046e+00 3.398466e+00 -5.839271e+00 -9.649694e+00 6.854447e+00 7.815779e+00 4.113286e+00 -5.778736e+00 -1.489434e+00 4.763211e-01 -4.090826e+00 -6.943293e+00 4.769124e+00 2.914410e+00 3.875571e+00 6.118416e-01 
-6.384082e+00 -1.259233e+00 4.962428e+00 -1.874944e+00 1.909856e+00 -9.885550e+00 -1.021287e+01 -1.624304e+00 -4.732442e-01 6.469662e+00 -3.232072e+00 -6.465480e+00 4.407875e-01 -1.020297e+00 -5.216543e+00 1.902264e+00 2.678493e+00 3.308434e+00 7.343410e-01 
-8.491122e+00 -1.428384e+00 3.777946e+00 -2.177783e+00 3.372046e+00 -1.080950e+01 -6.477639e+00 -2.496350e+00 1.306056e+00 4.885211e+00 -8.659620e+00 -3.993345e+00 2.322684e+00 1.153363e+00 -5.282888e+00 2.326893e+00 4.789905e+00 3.247608e+00 6.349366e-01 
-7.042367e+00 1.017393e+00 2.823477e+00 -2.626850e+00 3.752245e-01 -5.292171e+00 3.147611e-01 -3.092083e-01 2.061372e+00 2.698966e+00 -6.269163e+00 -4.029653e+00 -7.704673e-01 5.649240e-02 -3.255821e+00 1.376055e-01 4.907916e+00 1.576538e+00 -2.073332e+00 
-6.273566e+00 1.950412e+00 4.696719e+00 -1.943898e+00 5.066773e-01 -7.390743e+00 8.310126e-01 -4.327281e+00 -4.232258e+00 4.286711e+00 -3.991982e+00 -2.721954e+00 -3.845053e+00 -2.593406e+00 -5.384117e-01 2.438312e+00 2.209136e+00 1.486100e+00 -5.684762e-01 
-9.316551e+00 2.198747e-01 3.453071e-01 -4.294164e+00 1.232864e+00 -4.143431e+00 6.138613e-01 -6.890299e+00 -5.084994e+00 5.963058e+00 -2.327235e+00 3.738713e+00 1.461021e+00 1.986503e-01 1.370498e+00 1.211460e+00 3.809528e+00 3.932994e+00 -3.209940e-01 
-7.316567e+00 1.909518e+00 1.759623e+00 -1.945236e+00 2.152085e+00 -4.705347e+00 -3.807930e+00 -7.038278e+00 -1.016998e+00 3.698584e+00 -6.171694e+00 -1.671506e+00 1.094979e+00 2.246814e+00 1.601396e+00 6.738551e-01 3.630228e+00 2.982217e+00 -2.251357e+00 
-7.926579e+00 2.553311e-01 1.896232e+00 -2.865714e-01 6.066258e+00 -2.519635e+00 -2.910218e-01 -8.903534e-01 4.827216e+00 7.742822e+00 -4.876847e+00 -7.317010e-01 -3.219151e-01 7.345744e-01 -3.120140e-01 -1.599086e-01 2.288771e+00 4.521643e-01 -1.902752e+00 
-8.452188e+00 2.673780e+00 4.337502e-01 -9.704958e-01 4.020121e+00 -1.665666e+00 -1.366201e+00 -7.301105e+00 -1.122076e+00 3.882766e+00 -8.182684e+00 -1.517947e+00 2.453068e+00 -1.189549e+00 -2.180451e+00 1.725775e+00 2.607592e+00 1.550070e+00 -1.238199e+00 
-7.891935e+00 3.016254e+00 2.534211e+00 -2.266465e+00 1.499226e+00 -5.406200e+00 -4.022974e+00 -6.415126e+00 7.726482e-01 1.800910e+00 -9.370129e+00 2.142134e+00 3.375500e+00 -3.481643e+00 -1.333771e+00 5.819256e-01 1.262419e+00 8.902249e-01 6.011586e-01 
-7.691455e+00 3.343854e+00 2.252543e+00 -3.120822e+00 5.952261e+00 -3.879716e+00 -3.249662e+00 -4.557446e+00 2.167520e+00 -1.086741e+00 -7.199804e+00 -2.491991e+00 1.313099e-01 -4.937227e+00 -1.491329e+00 5.783097e-01 2.548496e+00 -4.865667e-01 9.461137e-02 
-8.663223e+00 1.498171e+00 -5.204639e-01 -5.189440e+00 8.983815e-01 -6.753190e+00 -3.068633e+00 -4.867080e+00 1.488545e+00 2.967790e+00 -6.541841e+00 -2.685399e-01 -2.581853e+00 -3.357623e+00 -6.135869e-01 2.468133e+00 -3.331096e-01 7.965593e-01 -2.653674e-01 
-9.025454e+00 6.544369e-01 -2.040837e+00 -5.265634e+00 2.674610e+00 -4.139894e+00 -8.102627e-02 4.585894e-01 2.343226e+00 2.099770e+00 -2.963245e+00 3.364529e+00 7.839648e-01 -2.895006e+00 -2.117993e-01 1.050942e+00 6.581755e-01 1.466588e+00 -7.265712e-01 
-1.076803e+01 2.254597e+00 8.579782e-01 -3.788068e+00 4.482848e+00 -3.213323e+00 -1.261362e+00 -5.068078e+00 1.257341e+00 5.842656e+00 3.789628e-01 -5.892467e-01 5.293878e-01 4.679293e-01 -4.704975e-01 9.728085e-01 -6.864198e-01 -2.810975e-01 -1.668720e+00 
-1.375274e+01 6.480349e+00 -2.901376e+00 -5.144017e+00 5.314604e+00 -9.972908e+00 2.439073e+00 -1.084486e+01 -2.523089e+00 -1.591765e+00 -5.172567e+00 -4.450590e+00 -3.333249e-01 -2.112552e-01 -4.332303e+00 -2.984162e+00 -2.052687e+00 -2.447709e+00 -4.394966e-01 
-1.554559e+01 4.872113e+00 -2.377067e+00 -5.385533e+00 4.781053e+00 -1.423950e+01 3.370993e-01 -1.188930e+00 5.743291e-01 3.619095e+00 3.769265e-01 -5.655470e+00 -6.563804e+00 -3.741085e+00 -1.680627e-01 -2.917248e+00 -4.827353e-01 -1.773330e+00 3.048557e-01 
-1.654108e+01 8.598075e+00 -3.547622e+00 -6.873775e+00 4.953677e+00 -1.347023e+01 2.266745e-01 -4.097810e+00 4.597047e+00 -6.364204e-01 2.824666e+00 -6.533415e+00 -3.177567e+00 -3.633025e+00 3.477989e+00 5.175986e-01 -4.401994e-01 -3.161334e-01 5.230401e-01 
-1.734790e+01 1.093948e+01 1.206979e+00 -5.554681e+00 9.134115e+00 -1.282958e+01 4.391010e+00 -4.870345e+00 4.540010e+00 6.888106e-01 2.119405e+00 -3.569890e+00 2.541695e+00 -5.095500e+00 4.073240e+00 1.466633e+00 -1.326653e+00 -1.747299e+00 1.179572e+00 
-1.942489e+01 9.228466e+00 -1.366798e+00 -9.622960e+00 9.093834e+00 -1.388649e+01 9.011457e-01 -8.046782e+00 4.721101e-01 -3.131542e+00 -4.688097e+00 -5.149131e+00 7.015079e-01 -7.504510e+00 -6.566884e-02 -1.412494e+00 -1.370461e+00 -1.667929e+00 7.346985e-01 
-1.976349e+01 6.910435e+00 -1.402834e+00 -5.485438e+00 7.388774e+00 -8.595906e+00 2.561326e+00 -9.001374e+00 2.495368e+00 1.609837e+00 2.041765e+00 -1.667378e+00 4.322439e+00 -7.027678e+00 -1.155506e+00 -6.606322e-01 -1.462395e+00 3.578542e-01 1.867406e+00 
-1.776049e+01 7.616783e+00 -1.303851e+00 -6.630269e+00 1.082206e+01 -4.363322e+00 2.620250e+00 -7.628703e+00 3.586732e+00 2.002257e+00 -3.992836e+00 -7.808000e+00 5.572895e-01 -4.923784e+00 8.241442e-01 -1.658956e+00 1.549345e+00 3.205948e-01 -3.332556e-01 
-2.004286e+01 6.503970e+00 1.223022e+00 -6.427122e+00 5.200597e+00 -2.940740e+00 6.117678e-01 -3.971674e+00 5.022866e+00 7.445450e-01 -1.872763e+00 1.325529e-01 5.474574e+00 -2.550521e+00 -7.447410e-01 1.893724e+00 3.421476e-01 -8.931981e-01 4.076593e-01 
-1.926573e+01 8.738493e+00 2.065351e+00 -9.345866e+00 5.615993e+00 -5.737504e+00 5.012266e-01 -5.511007e+00 6.278639e+00 2.656424e+00 -2.340008e+00 3.728907e+00 4.388097e+00 -4.936663e+00 1.325916e+00 1.877224e+00 -2.052632e-01 -2.326305e-01 -6.435703e-02 
-1.907195e+01 9.308989e+00 2.005541e+00 -5.927727e+00 8.489094e+00 -7.477675e+00 3.349972e+00 -2.193129e+00 6.188990e+00 2.902128e+00 2.341335e+00 6.680189e+00 5.663425e+00 -8.612892e+00 7.686535e-01 2.736333e+00 -9.664816e-01 8.894712e-01 8.684355e-01 
-1.942613e+01 9.774096e+00 5.068312e+00 -6.144890e+00 8.201539e+00 -8.757521e+00 -3.023501e+00 -8.382507e+00 7.591853e+00 6.616865e+00 -9.601955e-01 -4.024684e+00 1.494535e+00 -8.940824e-01 1.093843e+00 2.267368e+00 2.599343e-01 3.131927e-01 1.671413e-01 
-2.004089e+01 8.369572e+00 2.099612e+00 -8.422730e+00 7.843854e+00 -5.162240e+00 1.303391e+00 -4.249296e+00 3.284523e+00 6.126134e+00 -1.546033e+00 -9.221170e-01 4.792065e+00 -1.342898e+00 4.159397e+00 2.772628e+00 2.701363e+00 8.912104e-01 -2.074267e-01 
-2.198026e+01 7.193681e+00 -1.208125e+00 -1.253401e+01 8.079982e+00 -1.106938e+01 2.135872e-01 -7.476648e-01 2.710186e+00 2.874170e+00 -1.813921e+00 2.828178e+00 4.524179e+00 -6.113953e+00 -2.418218e+00 3.699299e+00 1.146216e+00 -5.560284e-01 1.676370e+00 
-2.052290e+01 9.114179e+00 2.827098e+00 -1.127238e+01 7.641923e+00 -7.915519e+00 1.888450e+00 -1.380669e+00 5.991490e-01 2.497571e+00 6.748772e-01 6.691746e+00 3.799414e+00 -7.254870e+00 -1.117307e+00 2.238754e+00 -6.958349e-01 -1.009508e-01 2.018214e+00 
-1.932738e+01 7.236837e+00 1.734835e+00 -9.291695e+00 9.857542e+00 -7.068370e+00 2.983432e+00 -1.740216e-01 8.643094e-01 1.880757e+00 -5.982761e+00 -1.536838e+00 2.096425e+00 -5.096354e+00 9.923316e-01 1.830670e+00 -2.690491e+00 -1.393870e+00 -4.140010e-01 
-1.942754e+01 3.970460e+00 1.545409e+00 -1.125465e+01 7.866588e+00 -9.260781e+00 2.969738e+00 -2.951753e+00 -2.535631e+00 3.483278e+00 3.260132e-01 -1.897725e+00 2.295603e+00 -5.251448e+00 -2.068456e+00 3.545531e+00 2.965598e-01 -1.006484e+00 -6.398673e-01 
-1.925370e+01 4.417169e+00 5.223639e+00 -1.173554e+01 9.272119e+00 -3.274229e+00 -1.329074e+00 -2.398490e+00 -1.615035e-01 9.328531e-01 -2.684322e+00 -3.520984e+00 2.265461e+00 -5.740734e+00 -3.456167e+00 2.609676e+00 -1.062389e+00 2.125992e+00 9.339682e-01 
-1.810108e+01 8.605778e+00 5.530438e+00 -1.119328e+01 3.590837e+00 -6.229266e+00 1.566273e+00 -1.306728e+00 -2.044930e+00 1.898396e+00 5.555745e+00 -2.661399e+00 2.617444e+00 -1.175182e+00 4.609820e-01 5.950260e+00 -2.111150e+00 -9.414721e-02 7.236285e-01 
-1.840479e+01 5.144086e+00 4.659214e+00 -8.600798e+00 4.958513e+00 -3.033386e+00 -3.138626e+00 9.450603e-01 -5.046691e-02 1.363001e+00 -2.228721e+00 -2.544043e+00 1.458451e+00 -6.032780e+00 -2.172151e+00 2.712382e+00 -9.866879e-01 -8.475429e-01 3.578365e-01 
-1.773245e+01 6.130319e+00 5.587516e+00 -8.048174e+00 3.148439e+00 -1.963009e+00 -9.780521e-01 -1.426907e-02 5.301930e+00 3.151401e+00 -2.223202e+00 -2.519705e+00 -5.901839e-01 -6.433673e+00 -9.932340e-01 1.956790e+00 -1.662898e+00 -6.671785e-01 -7.844985e-01 
-1.847470e+01 5.893395e+00 4.476325e+00 -9.379722e+00 8.103163e+00 -3.246499e+00 -5.793818e+00 8.054438e-01 1.516659e+00 -5.265993e+00 3.331323e-01 -1.468573e+00 2.706766e+00 -7.787218e+00 -4.910357e+00 2.419799e+00 -7.666629e-01 -6.282951e-01 1.639957e+00 
-2.137119e+01 3.929572e+00 5.495063e+00 -7.759192e+00 6.532081e+00 7.692777e-02 -1.204498e+01 -5.873016e+00 2.889044e+00 -2.290496e-01 -1.343942e+00 -2.032858e+00 5.610962e-01 -2.589634e+00 -1.916649e+00 1.179272e+00 -1.975814e+00 -3.382215e+00 7.644932e-01 
-1.892093e+01 5.391824e+00 5.214796e+00 -1.351863e+01 3.450516e+00 -2.047475e-01 -9.040850e+00 -1.561849e+00 3.584746e+00 -6.581158e+00 -1.521749e+00 -2.584321e+00 1.337075e+00 -2.191431e+00 3.107646e-01 9.585651e-02 -1.191229e+00 -2.891283e+00 7.696525e-01 
-1.590374e+01 4.732646e+00 5.398334e+00 -1.124674e+01 1.415770e+00 1.297984e+00 -8.632340e+00 4.531170e+00 7.055817e+00 -2.325199e+00 -3.058565e+00 -3.039237e+00 1.613806e+00 -3.282186e+00 2.232574e+00 1.894130e+00 -6.462323e-01 -1.489336e+00 1.119306e+00 
-1.191447e+01 2.680559e+00 6.152076e+00 -6.169615e+00 2.423209e+00 -8.931686e-01 -1.450441e+00 5.449684e+00 3.137013e+00 -4.920646e-02 1.775655e+00 -2.747726e+00 -1.568213e+00 2.191691e+00 -5.092547e-01 1.244327e+00 2.017264e+00 -7.485728e-01 -7.639011e-01 
-1.162187e+01 3.265743e+00 3.098859e+00 -8.134487e+00 2.022218e+00 -4.131479e+00 -7.702613e+00 -3.003977e+00 3.420406e+00 4.634962e-01 -5.838879e+00 -2.437088e+00 -4.741833e-01 2.134791e-01 -1.408131e+00 -3.096582e+00 -1.651512e+00 -1.247382e+00 -7.444292e-01 
-1.001248e+01 4.114197e+00 3.264912e+00 -8.381321e+00 7.939176e+00 -5.249631e-01 -6.548112e+00 -4.687531e+00 4.952566e+00 -5.225572e-01 1.527229e+00 4.515337e+00 1.031831e+00 -2.497760e+00 1.510162e+00 1.197941e-01 -1.959586e+00 2.563545e-01 1.278948e+00 
-1.001336e+01 3.848910e+00 7.647387e+00 2.034071e+00 7.727287e+00 6.301874e+00 -8.342470e-01 -4.473631e+00 -2.283382e+00 -2.013587e-01 5.011031e+00 4.972130e+00 -1.570541e+00 1.912598e+00 6.597901e+00 -2.067602e+00 -1.115961e+00 2.572993e-01 5.491506e-01 
-1.589903e+01 3.340277e+00 7.043694e+00 2.553251e+00 6.018157e+00 6.179374e+00 2.457820e+00 -1.472912e+00 1.564724e+00 7.773797e+00 5.819044e+00 8.025822e-01 1.793907e-01 3.785300e+00 1.120828e+01 2.207021e+00 -9.476310e-01 6.772926e-01 1.465645e+00 
-1.710667e+01 3.743033e+00 7.729842e+00 2.665211e+00 5.268516e+00 1.085687e+01 8.559979e+00 2.694081e+00 4.829950e+00 3.258110e+00 5.334653e+00 1.895543e+00 -1.599074e+00 1.397847e+00 7.032537e+00 3.362216e+00 -1.824644e+00 3.086042e+00 1.867285e+00 
-1.334119e+01 2.951117e+00 8.489748e+00 8.984449e-01 1.518378e+00 2.565631e+00 6.214922e-01 -3.441968e+00 3.370157e+00 5.770714e+00 4.482983e+00 2.129586e+00 -1.682147e+00 -1.947726e+00 3.291414e+00 7.193080e-02 -2.251451e+00 2.532036e+00 1.911754e+00 
-1.332347e+01 2.110728e+00 6.392703e+00 3.722281e+00 3.040734e+00 5.469738e+00 3.530712e+00 -5.931731e+00 3.629099e+00 9.609962e+00 5.950582e+00 5.573201e+00 -2.962132e+00 -2.341593e+00 3.339116e+00 2.260377e-01 -2.978324e-01 3.037519e+00 2.624015e+00 
-1.366896e+01 1.039244e+00 6.859964e+00 2.110498e-01 1.849967e-01 7.176471e+00 8.413983e+00 1.576579e+00 6.572215e+00 1.078661e+01 6.671136e+00 7.645612e+00 9.183438e-02 -1.689049e-01 5.632343e+00 1.124795e+00 -1.147360e+00 1.311367e+00 1.226105e+00 
-1.179593e+01 1.329777e+00 8.339270e+00 8.251454e-01 2.891230e+00 4.429655e+00 8.605909e+00 1.553321e+00 4.551139e-01 5.656815e+00 3.023633e+00 7.789064e+00 2.291895e+00 3.522137e-01 6.092899e+00 1.638562e+00 -2.102188e-01 1.436271e+00 -1.328243e+00 
-1.219243e+01 -3.052191e+00 1.521407e+01 -1.324248e+00 -6.597532e-01 3.776908e-01 -3.372642e+00 1.813521e+00 5.510837e+00 3.129356e+00 -7.626901e-01 6.451542e+00 4.551666e+00 3.527336e+00 5.323490e+00 5.398845e+00 1.370018e+00 8.783460e-01 -2.094104e+00 
-1.094528e+01 -1.583977e+00 1.699093e+01 6.130999e-01 -7.589788e-01 -2.429858e+00 -2.107803e+00 -4.548717e+00 -4.474004e+00 1.196041e+00 4.282112e+00 9.420899e+00 9.236921e+00 5.648991e-01 3.822581e+00 1.767759e+00 7.560651e-01 9.390594e-01 -6.386036e-01 
-1.173656e+01 -3.096482e+00 1.475640e+01 -4.980060e-01 -3.382452e+00 -3.979971e+00 -2.839462e+00 -5.127429e+00 -2.042289e+00 1.292417e+00 2.234154e+00 9.331068e+00 5.851052e+00 -1.097697e+00 1.515744e+00 -9.444870e-01 1.494456e+00 4.571843e-01 -9.607797e-01 
-1.209838e+01 -3.300045e+00 1.481706e+01 4.135004e-01 -5.105448e+00 -6.703102e+00 -6.150466e+00 -2.382180e+00 -8.614131e-01 4.049249e+00 3.856051e+00 9.796091e+00 8.487838e+00 2.038894e+00 4.862654e+00 3.242639e+00 3.737480e+00 2.512620e+00 -1.318294e+00 
-1.190440e+01 -4.427124e+00 1.164958e+01 -1.355422e+00 -3.998699e+00 -4.489501e+00 -5.628053e+00 -3.461251e+00 -1.194597e+00 1.652127e+00 4.524162e+00 9.900729e+00 1.299456e+01 1.585008e+00 8.137519e-01 -1.893464e+00 2.852113e+00 1.258160e+00 9.061861e-01 
-1.242710e+01 -3.266967e+00 1.531151e+01 7.162260e-01 -5.596934e+00 -7.219155e+00 -7.066235e+00 -1.468845e-02 -1.379699e+00 7.346656e-01 3.125076e+00 7.898387e+00 6.505470e+00 -1.967600e+00 -2.854755e+00 -1.208502e+00 2.292000e+00 -2.501677e-01 -2.453300e+00 
-1.029657e+01 -6.277843e+00 1.473721e+01 -1.985864e+00 -4.173995e+00 -8.827485e+00 -5.175560e+00 3.240752e+00 8.007702e-01 -6.741814e-02 4.002094e-01 8.032447e+00 6.741906e+00 1.500258e+00 -2.143103e+00 -7.980095e-01 4.029746e-01 9.970145e-01 -5.238965e-01 
-1.305354e+01 -2.788578e+00 1.037223e+01 8.035437e-01 -2.671519e+00 -5.997183e+00 -6.260323e+00 9.332891e-01 -1.084081e+00 1.449195e+00 4.449248e+00 8.462090e+00 4.752059e+00 -3.565932e-01 1.942835e+00 3.570569e+00 2.390944e+00 -3.182488e+00 -3.065525e+00 
-1.095163e+01 -3.043072e+00 1.379954e+01 -4.222188e-01 -1.728585e+00 -7.107620e+00 -1.170930e+01 -2.725911e+00 -3.498321e-01 3.742298e+00 2.746280e+00 4.438862e+00 4.270654e+00 -1.957310e+00 -2.506042e+00 -2.113810e+00 1.927634e+00 -8.170031e-01 -1.457970e+00 
-1.267694e+01 -7.173607e+00 1.156022e+01 -1.820552e+00 -7.121872e-01 -5.731907e+00 -9.542394e+00 -9.400012e-01 -2.582874e+00 2.065016e-02 3.465430e+00 7.509344e+00 7.026432e+00 -2.587115e-01 -5.914964e-01 -1.084169e+00 6.811276e+00 -3.164558e-02 -2.496890e+00 
-1.261245e+01 -6.843548e+00 1.058175e+01 -3.298530e+00 -6.113120e+00 -7.473177e+00 -2.511214e+00 6.040637e+00 8.969181e+00 3.460566e+00 2.037148e+00 5.317327e+00 1.115606e+01 -1.385182e+00 2.915383e+00 3.441541e+00 3.685983e+00 -8.292688e-01 -1.336905e+00 
-1.223270e+01 -6.098614e+00 1.164753e+01 -2.330911e+00 -4.318460e+00 -8.867892e+00 -1.054366e+01 3.611015e-01 1.247905e+00 2.631792e+00 1.508619e+00 5.219238e+00 4.680395e+00 -2.435953e+00 -2.835624e+00 -1.856827e+00 2.202942e+00 1.754481e+00 -2.372837e+00 
-1.119829e+01 -6.020884e+00 1.139588e+01 -8.088284e-01 -9.323859e-01 -6.572249e+00 -8.038691e+00 -3.754185e-01 6.998771e-01 7.397023e+00 3.766473e+00 8.591186e+00 6.358182e+00 1.060843e+00 -2.755421e+00 -2.431966e+00 2.707046e+00 2.224041e+00 -1.487612e+00 
-1.079139e+01 -5.426528e+00 1.242399e+01 7.478904e-01 -3.123477e+00 -1.027976e+01 -1.274002e+01 9.185084e-01 8.062987e+00 8.724220e+00 2.922462e+00 1.389825e+00 2.070333e+00 -2.764752e+00 -4.117507e+00 -3.066196e+00 3.731112e+00 1.908474e+00 -2.917878e+00 
-1.049653e+01 -7.239041e+00 8.012462e+00 -1.920406e+00 -3.689123e+00 -1.011134e+01 -8.386682e+00 -2.504379e-01 3.539582e+00 4.657806e+00 4.820731e+00 6.095226e+00 6.662827e+00 2.825646e+00 1.675722e+00 -2.264891e+00 4.190291e+00 4.082114e+00 -2.024542e+00 
-9.969316e+00 -6.859712e+00 7.836133e+00 3.224934e+00 -3.407313e+00 -1.437297e+01 -1.115454e+01 -2.763328e+00 4.633294e+00 1.023085e+01 7.744115e+00 4.717503e+00 3.286186e+00 2.910208e+00 -3.753407e+00 -5.305986e+00 4.961586e+00 5.454153e+00 -2.766531e+00 
-9.000832e+00 -7.872499e+00 5.669981e+00 5.339274e-01 -4.263581e+00 -1.367712e+01 -8.674323e+00 -1.269172e+00 7.246504e+00 6.484381e+00 -2.584696e+00 -2.138127e+00 -3.068430e-01 -3.933112e-01 -5.710922e+00 -7.293642e+00 4.350314e+00 1.813873e+00 -3.792743e+00 
-1.041363e+01 -7.627175e+00 6.444798e+00 1.510381e+00 -1.323454e+00 -1.340582e+01 -8.769525e+00 -6.657892e-02 9.297914e+00 7.213510e+00 -1.039111e+00 -4.130216e-01 3.215141e+00 -2.702475e+00 -4.523022e+00 -4.855742e+00 3.649032e+00 1.515813e+00 -3.234157e+00 
-9.821484e+00 -9.645601e+00 7.332791e+00 2.272612e+00 3.330841e-01 -1.305930e+01 -1.020072e+01 -6.655929e-01 9.623516e+00 1.203499e+01 1.790102e+00 1.769620e-01 2.676996e+00 -1.981334e+00 -3.123281e+00 -2.407558e+00 2.392868e+00 4.527752e+00 -2.386523e+00 
-9.101794e+00 -9.085883e+00 6.137820e+00 -2.144916e+00 -2.050840e+00 -1.181596e+01 -9.979875e+00 1.600842e+00 1.227366e+01 1.351354e+01 -4.227450e+00 -7.958492e-02 5.052111e+00 -8.784829e-01 -2.255460e+00 -4.353981e+00 2.426742e+00 3.539289e+00 -2.816572e+00 
-1.072306e+01 -8.310084e+00 2.617843e+00 -2.390340e+00 -1.327375e+00 -8.683463e+00 -8.977693e+00 -2.892577e+00 7.172068e+00 8.519674e+00 -6.106216e+00 1.991542e+00 5.037601e+00 -3.196567e+00 -3.178278e+00 -2.093724e+00 1.574752e+00 3.558355e+00 -2.669281e+00 
-8.985486e+00 -6.039048e+00 3.630635e+00 -1.404459e-01 -9.577523e-01 -1.020992e+01 -8.375711e+00 -8.001358e+00 8.200287e+00 8.708935e+00 -9.898075e-01 4.677819e+00 5.938925e+00 7.463181e-01 3.016740e+00 -9.551457e-01 1.809068e+00 3.596323e+00 -2.996135e+00 
-9.691638e+00 -4.605026e+00 3.969454e+00 2.845182e+00 3.224449e+00 -1.022763e+01 -5.614452e+00 -5.728871e+00 1.668718e+00 9.170591e+00 -1.900048e+00 3.658900e+00 2.708766e+00 -2.402915e+00 -9.544690e-02 -1.903109e+00 -1.020119e+00 4.673646e+00 -5.868930e-01 
-9.717977e+00 -3.549385e+00 4.765002e-01 3.861837e+00 3.118885e+00 -1.498852e+01 -6.587247e+00 -2.081392e+00 2.972859e+00 6.384429e+00 -2.390594e-01 2.715430e+00 2.204974e+00 -1.765680e+00 4.875872e-01 -2.775583e-01 1.776964e+00 3.145590e+00 -5.546572e-01 
-1.099417e+01 -2.507334e+00 1.538550e+00 3.591439e+00 6.221902e+00 -9.950804e+00 -6.273066e-02 1.413187e+00 -6.350632e-02 -1.059881e+00 -5.736931e+00 -1.708507e+00 -3.502326e+00 -4.059460e+00 7.940219e-01 -2.601153e+00 2.563925e+00 1.518748e+00 -1.723765e+00 
-1.030232e+01 -1.555108e+00 2.840381e+00 -5.134910e-01 -4.768227e-02 -5.317304e+00 3.424351e+00 -4.131312e+00 9.917343e-01 9.510880e+00 -1.681675e+00 -1.489731e+00 -8.253965e+00 -7.470982e+00 -2.725062e+00 -1.740690e+00 -2.364887e+00 1.959299e+00 -7.870706e-01 
-1.151808e+01 7.942804e-01 2.834656e+00 1.313939e+00 2.615346e+00 -9.115449e+00 5.273372e+00 -7.612403e-02 -6.135747e-01 5.306857e+00 2.284961e+00 -2.853200e-01 4.382499e-01 -3.886687e+00 1.218695e+00 -3.183298e+00 -9.070728e-01 2.971501e+00 1.887970e-01 
-1.182529e+01 1.520910e-01 -5.711003e-01 -1.599048e+00 2.723884e+00 -3.745328e+00 6.471596e+00 -2.603166e-01 1.312411e+00 1.002341e+01 2.081704e+00 1.384706e+00 -5.124835e+00 -5.072343e+00 1.931309e+00 4.479898e-01 2.532853e-01 2.173729e+00 9.663069e-02 
-1.365212e+01 -2.800485e+00 -7.745156e-01 8.153417e-01 6.597617e+00 -2.242901e+00 5.874921e+00 2.899858e+00 -1.305929e+00 7.954966e+00 1.863820e+00 2.578087e+00 -4.959572e+00 -1.556765e+00 2.111532e+00 -2.324682e+00 -2.773366e+00 1.936996e+00 -1.592024e-01 
-1.066089e+01 1.541494e+00 1.692995e+00 2.140373e+00 7.736212e+00 -1.848445e+00 6.773294e+00 1.116522e+00 -1.008179e+01 4.120013e+00 9.600294e-01 9.624956e-01 -4.454641e+00 -2.176120e+00 3.236380e+00 -1.118982e+00 -1.319033e+00 2.289580e+00 6.490232e-01 
-8.831093e+00 -2.020136e-01 7.458358e-01 -5.686027e-01 2.972390e+00 -4.987779e+00 5.606812e+00 -2.359829e+00 -3.995908e+00 7.449288e+00 1.104471e+00 -6.698546e-01 -2.786862e+00 -9.521222e-01 1.154132e+00 -7.702591e-02 -2.630012e+00 -4.670872e-02 1.351974e+00 
-1.173325e+01 -2.844829e-02 1.357164e+00 8.823432e-01 3.673320e+00 -2.830740e+00 1.015122e+01 7.046421e-02 -6.212458e+00 5.501911e+00 2.031666e+00 1.925107e+00 -2.325901e+00 1.801783e+00 6.444138e+00 6.661389e-01 9.570712e-01 3.010093e+00 9.040785e-01 
-1.337688e+01 -4.465394e+00 -1.016774e+00 8.384170e-01 -2.359166e-01 -6.914002e+00 8.032640e+00 -2.121888e+00 -3.009419e+00 8.520392e+00 1.187033e+00 2.978746e+00 -1.712299e+00 5.964524e-01 1.322769e+00 2.740171e-01 1.674039e+00 3.016202e+00 6.141212e-01 
-1.100307e+01 6.706502e-01 3.531102e+00 6.943622e-01 2.150756e+00 -4.779502e+00 3.420531e+00 -3.238526e+00 7.751355e-01 6.144297e+00 4.949984e+00 4.957323e+00 -3.132038e+00 -1.500412e+00 1.347631e+00 -5.757957e+00 -2.812782e+00 2.233768e+00 -6.941529e-02 
-8.806486e+00 1.952042e+00 4.872447e+00 1.382869e+00 1.151068e+00 -8.959805e+00 1.185450e-01 -3.769267e+00 -3.491903e+00 7.024624e+00 4.503519e+00 1.093503e+00 -3.863698e+00 -6.137916e-01 5.101107e+00 -5.240185e+00 -3.199321e+00 3.019747e+00 1.435000e+00 
-1.308820e+01 -8.154174e-01 4.508295e+00 6.356189e+00 9.851397e+00 2.630600e+00 7.305799e+00 -5.879656e+00 -3.459104e+00 5.790116e+00 1.842739e+00 3.122177e+00 -4.238059e+00 5.021024e-01 7.225412e+00 -1.355686e-01 -6.176456e-01 1.233226e+00 -1.162968e+00 
-9.537221e+00 1.203773e+00 2.963473e+00 -1.275122e-01 2.442957e+00 -8.211405e+00 1.400706e+00 1.529294e-02 -5.532077e+00 6.200124e+00 4.459256e+00 2.670369e+00 -7.104097e+00 2.445867e+00 5.403876e+00 -9.164141e-01 -3.424191e+00 1.454751e+00 8.970219e-01 
-1.435385e+01 9.676728e-01 1.743915e+00 1.645412e+00 1.013997e+00 -1.479616e+00 2.804209e+00 -1.653946e+00 -4.613482e+00 6.778527e+00 2.746953e+00 4.795032e-01 -3.024502e+00 -8.660042e-01 4.641555e+00 1.851891e-01 -5.093595e-01 2.787961e-01 -6.283710e-01 
-1.497127e+01 -1.387455e-01 5.502768e-01 3.077980e+00 5.125861e+00 -2.224515e+00 2.407913e+00 -5.519435e-01 -5.158612e+00 8.969361e-01 3.568960e-01 2.816512e+00 -2.153918e-01 3.619302e+00 6.118500e+00 1.465111e+00 3.702318e-01 1.338814e+00 8.307937e-01 
-1.328280e+01 1.435466e+00 9.900617e-01 1.977267e+00 4.636613e+00 -3.607789e+00 5.519300e+00 -1.951265e+00 -6.626685e+00 4.078373e+00 4.513670e+00 4.270455e+00 -2.954570e+00 1.021362e+00 8.167169e+00 1.039969e+00 1.178958e+00 2.855318e+00 7.071050e-01 
-9.945210e+00 3.836151e+00 1.837339e+00 -1.294933e+00 -1.681866e+00 -3.002170e+00 6.044283e+00 -3.594154e-01 1.741097e+00 9.776217e+00 9.832775e+00 3.250575e+00 -2.296392e+00 -2.297118e-01 5.154661e+00 -1.733264e-01 -1.961332e+00 1.717246e+00 -1.770953e-01 
-1.487537e+01 -6.784143e-02 -2.051211e-01 1.191822e+00 4.847881e+00 -3.046538e+00 7.065357e+00 5.114799e+00 1.384232e-01 3.611331e+00 4.575821e+00 4.622331e+00 6.933280e-01 3.145017e+00 4.473047e+00 -2.728200e+00 -1.767473e+00 3.169968e+00 1.190033e+00 
-1.181672e+01 1.161479e+00 1.453551e+00 2.779779e+00 7.174206e+00 1.596389e+00 1.129395e+01 6.100217e+00 1.715351e+00 5.827878e+00 2.779380e+00 1.467052e+00 -3.606753e+00 2.926170e+00 6.194323e+00 -1.573938e+00 -6.689152e-01 1.882942e+00 -4.126883e-02 
-1.224980e+01 4.754236e-01 4.673539e+00 5.688354e+00 1.026464e+01 4.954762e+00 1.152011e+01 3.188216e+00 -4.240016e-01 6.535743e+00 4.577597e+00 3.879453e+00 -1.711523e+00 4.015705e+00 7.812463e+00 1.677143e-01 1.283910e+00 4.126863e+00 2.453864e+00 
-1.193723e+01 -5.387564e-01 6.432853e+00 4.412383e+00 1.053011e+01 2.202886e+00 5.925505e+00 -1.516912e-02 1.055649e+00 6.199744e+00 6.510283e+00 7.049735e+00 2.683311e+00 -9.619661e-02 4.424187e+00 3.739996e-01 5.891064e-01 3.663548e+00 2.114613e+00 
-1.419938e+01 1.737422e-01 5.215821e+00 7.732625e+00 1.095763e+01 1.856688e+00 1.338374e+01 3.111063e+00 -4.383979e-01 8.125568e+00 9.386290e+00 1.183967e+01 3.032152e+00 -5.262612e-01 4.148045e+00 9.437410e-01 1.400543e+00 1.337780e+00 3.735457e-01 
-9.044248e+00 4.208709e+00 5.358743e+00 2.806335e+00 2.813426e+00 -5.453444e+00 2.811356e+00 -2.031191e+00 -1.662717e+00 7.667085e+00 6.649192e+00 1.780516e+00 -2.434881e+00 -9.292247e-01 3.788415e+00 3.373878e+00 2.434071e+00 1.918972e+00 7.285713e-01 
-1.136465e+01 1.655694e+00 4.221016e+00 3.004115e+00 7.437878e+00 -1.032324e+00 4.005549e+00 1.740146e+00 6.065579e-01 8.918178e+00 3.418847e+00 4.937820e+00 -3.011925e+00 4.551466e+00 7.676000e+00 4.828761e+00 1.889075e+00 3.067361e+00 8.153194e-01 
-1.214874e+01 2.714436e+00 1.987124e+00 3.848408e+00 1.058242e+01 3.875931e+00 1.135292e+01 6.026584e+00 5.119254e+00 1.143923e+01 1.055977e+01 5.485953e+00 -2.543476e+00 3.530985e+00 8.681293e+00 1.055165e+00 -1.352772e+00 2.663693e+00 -9.625672e-01 
-9.476799e+00 4.898811e+00 6.074541e+00 4.368351e+00 1.378196e+01 3.507814e+00 1.017618e+01 5.059336e+00 1.391177e+00 5.815754e+00 6.645248e+00 3.270262e+00 -5.909585e+00 -4.218180e+00 2.780285e+00 -2.060257e+00 -1.953160e+00 4.029568e+00 3.348452e-01 
-1.067037e+01 3.774354e+00 4.082695e+00 5.810040e+00 7.167039e+00 -1.505174e+00 4.172051e+00 -1.121078e-01 3.913017e+00 1.035712e+01 7.310816e+00 1.299311e+00 -2.709150e+00 -3.109725e+00 5.626196e+00 4.484043e-01 1.462523e+00 4.283267e+00 8.348235e-01 
-1.208361e+01 2.976776e+00 3.600592e+00 2.315681e+00 8.079897e+00 1.221340e+00 9.652662e+00 1.050051e+01 6.750834e+00 1.019878e+01 1.069513e+01 7.346238e+00 1.942913e+00 3.135429e+00 7.561447e+00 -2.267466e-01 2.392498e+00 4.449173e+00 2.322465e+00 
-1.141972e+01 2.860413e+00 4.157825e+00 3.724370e+00 8.701547e+00 2.904427e+00 1.067516e+01 5.492149e+00 3.348542e+00 1.564033e+01 1.091949e+01 7.089831e+00 2.124072e+00 1.875651e+00 8.264335e+00 2.799918e+00 -1.184935e+00 9.188713e-01 7.277811e-01 
-1.175134e+01 1.802971e+00 4.265888e+00 4.359006e+00 1.214360e+01 1.591867e+00 1.054378e+01 8.062644e+00 5.256224e+00 1.196218e+01 1.379361e+01 6.734086e+00 -5.571447e-01 1.547005e+00 6.125902e+00 2.511780e-01 1.715848e+00 3.893088e+00 2.215766e+00 
-1.192546e+01 2.735139e+00 3.700430e+00 1.863581e+00 1.085952e+01 4.647211e+00 1.273603e+01 5.580059e+00 1.325946e+00 1.283738e+01 8.999693e+00 3.344115e+00 -2.997797e+00 5.445178e-01 7.186805e+00 -5.005499e-01 1.854407e-01 4.310188e+00 1.906715e+00 
-1.276658e+01 6.428298e+00 2.988307e+00 1.083709e+01 6.392549e+00 5.029176e+00 2.030809e+00 1.782535e+00 5.364181e-02 1.291188e+01 1.020393e+01 4.681522e+00 -3.674769e+00 8.515015e-01 2.907577e+00 9.369014e-01 -3.388521e-01 3.531553e+00 -1.583454e-01 
-1.378513e+01 1.673755e+00 1.241692e+00 5.615350e+00 5.705231e+00 4.177651e-01 1.485424e+00 -8.595822e-01 5.549570e-01 7.890782e-01 2.878551e+00 7.328118e+00 -2.778646e-01 2.244484e+00 6.254021e+00 1.882536e-01 1.259686e+00 2.744177e+00 2.581962e-01 
-1.034187e+01 1.683951e+00 -6.782842e-01 5.246648e-01 1.158158e+00 -3.406369e+00 -4.260636e-01 -6.665127e-01 3.236832e+00 2.927403e+00 3.167276e-01 -1.253941e+00 -2.730972e+00 1.971270e+00 5.960683e+00 4.992948e-01 -2.365914e-01 1.984462e+00 1.134213e+00 
-1.171241e+01 3.706900e+00 1.145240e+00 1.470888e+00 3.141156e+00 -5.731871e-01 5.203339e+00 2.526378e+00 -6.543214e-01 4.564683e+00 2.775460e+00 -3.405426e+00 -6.973197e+00 9.736965e-01 4.761402e+00 -1.027601e+00 4.657699e-01 2.551530e+00 1.421378e-01 
-9.381845e+00 3.195075e+00 2.423751e+00 1.512682e+00 3.091904e+00 -3.674997e+00 3.779904e+00 2.122111e+00 -3.662734e+00 7.414680e+00 5.478012e+00 2.116789e+00 -2.576200e+00 1.423874e+00 7.137463e+00 1.609615e-01 -1.675059e-01 1.784955e+00 7.323731e-01 
-9.303287e+00 -4.547845e-01 1.262569e+00 2.366131e+00 5.528947e+00 -2.622242e+00 3.705869e+00 -6.546675e+00 -4.628341e+00 4.412272e+00 1.728600e+00 8.087530e+00 1.186965e+00 2.782778e+00 5.560718e+00 -9.884928e-01 2.213407e-01 2.845187e+00 1.632786e+00 
-1.102489e+01 2.706722e+00 4.136452e+00 5.016332e+00 9.046885e+00 -5.711178e-01 8.496771e+00 7.124580e-01 -4.052513e+00 -2.622537e-01 1.769152e+00 1.272147e+00 -6.545271e-01 3.861515e+00 5.353171e+00 -1.793625e+00 -2.591944e-01 1.690782e+00 -9.714276e-01 
-1.037500e+01 3.285796e+00 5.896904e+00 3.298541e+00 3.547540e+00 -1.552436e+00 1.308220e+01 1.139085e+00 -4.764670e+00 7.081849e+00 4.295131e+00 3.617804e+00 -3.791960e+00 -2.021424e+00 4.373564e+00 -8.584908e-03 -8.409800e-01 1.113344e+00 6.311301e-02 
-9.823242e+00 3.328383e+00 4.636338e+00 5.371394e+00 2.906092e+00 -8.015322e+00 2.888897e+00 2.361363e+00 -1.896624e+00 3.757537e+00 4.838526e+00 1.317546e+00 -7.535475e+00 -2.901115e+00 4.188160e+00 -1.641236e+00 -1.602299e+00 1.980332e+00 -2.439395e-01 
-1.117481e+01 2.404525e+00 1.154758e+00 3.452252e+00 8.016058e+00 -5.349679e+00 4.077359e+00 5.045218e+00 -4.423738e+00 4.712088e+00 9.471665e+00 4.482441e+00 -3.792295e+00 -9.579331e-01 2.202125e+00 -2.012541e+00 1.688954e+00 3.597271e+00 2.119688e+00 
-1.144879e+01 2.354271e+00 2.322221e+00 4.005350e+00 7.882466e+00 -1.495429e+00 1.001767e+01 -8.839401e-01 1.241251e+00 1.176215e+01 8.078389e+00 1.681116e+00 -3.227839e-01 2.368245e+00 3.487224e+00 -6.154249e-01 -7.770992e-01 -1.302503e+00 -5.353187e-01 
-1.159264e+01 1.805767e+00 2.713766e+00 1.929663e+00 6.242728e+00 -3.304839e+00 9.863571e+00 7.110453e+00 4.233994e+00 7.932507e+00 9.335484e+00 3.068391e+00 1.061746e+00 2.742210e+00 6.517082e+00 5.900372e-01 2.402890e+00 4.154932e+00 9.375941e-01 
-1.104831e+01 1.288309e+00 2.027612e+00 9.288990e-01 4.204369e+00 -1.135191e+00 8.073685e+00 -6.609213e-01 2.080005e+00 9.450066e+00 6.390291e+00 6.080709e+00 -5.299591e+00 2.139594e+00 7.345481e+00 2.137736e+00 1.239259e+00 2.919418e+00 3.545422e-01 
